bin.chrom	bin.start	bin.end	window
chr1	0	977835	977836
chr1	3353563	4582449	1228887
chr1	12470856	14436688	1965833
chr1	16695950	18103597	1407648
chr1	23658163	24907897	1249735
chr1	29710615	30924455	1213841
chr1	83099647	84384116	1284470
chr1	103124570	104590361	1465792
chr1	107850559	109144131	1293573
chr1	120291655	145520501	25228847
chr1	145520502	147636954	2116453
chr1	147636955	150608832	2971878
chr1	160971060	162235668	1264609
chr1	205195408	206793240	1597833
chr1	223196221	224527144	1330924
chr1	242305206	243694799	1389594
chr2	86851768	89074866	2223099
chr2	89074867	95882174	6807308
chr2	95882175	97411853	1529679
chr2	97411854	98976781	1564928
chr2	106597714	107817346	1219633
chr2	108972437	110296082	1323646
chr2	110296083	112422953	2126871
chr2	112422954	113760819	1337866
chr2	113760820	115108396	1347577
chr2	130378457	132106636	1728180
chr2	132106637	133670546	1563910
chr3	75165332	76626660	1461329
chr3	89552038	93801968	4249931
chr3	124532722	125796325	1263604
chr3	129063936	130294797	1230862
chr3	196668268	198022429	1354162
chr4	3489584	4760095	1270512
chr4	8021053	9498461	1477409
chr4	9498462	10700737	1202276
chr4	48806634	53478288	4671655
chr4	119394522	120707950	1313429
chr4	131743882	133011254	1267373
chr5	17455036	18645126	1190091
chr5	19723544	20954773	1231230
chr5	20954774	22271814	1317041
chr5	33168086	34503923	1335838
chr5	45707515	50047811	4340297
chr5	67768779	70751669	2982891
chr5	174574087	175932061	1357975
chr5	177067177	178499248	1432072
chr6	0	1272802	1272803
chr6	26554673	27908116	1353444
chr6	27908117	29027346	1119230
chr6	29027347	30168086	1140740
chr6	30168087	31340585	1172499
chr6	31340586	32586310	1245725
chr6	32586311	33713054	1126744
chr6	56802090	58277824	1475735
chr6	58277825	62832978	4555154
chr6	95211510	96474224	1262715
chr6	166816102	168061956	1245855
chr7	5820899	7297124	1476226
chr7	32366003	33620855	1254853
chr7	34708194	35969865	1261672
chr7	55955467	57588378	1632912
chr7	57588379	62709728	5121350
chr7	62709729	64410944	1701216
chr7	64410945	66075211	1664267
chr7	66075212	67444605	1369394
chr7	71919056	73630106	1711051
chr7	73630107	75822382	2192276
chr7	75822383	77487101	1664719
chr7	100965296	102491081	1525786
chr7	130093295	131313611	1220317
chr7	142508685	144105010	1596326
chr7	148499614	149768172	1268559
chr7	149768173	151033999	1265827
chr7	153399972	154781186	1381215
chr8	0	1326197	1326198
chr8	6753373	8930227	2176855
chr8	11088518	12753014	1664497
chr8	43464189	47654128	4189940
chr8	86392240	87760978	1368739
chr8	144620314	145990401	1370088
chr9	0	1284401	1284402
chr9	37805664	41980038	4174375
chr9	41980039	71333409	29353371
chr9	91421109	92739753	1318645
chr9	96121251	97354152	1232902
chr9	99573680	100842975	1269296
chr9	132822531	134100988	1278458
chr10	0	1221073	1221074
chr10	17712660	19247545	1534886
chr10	38494139	43445744	4951606
chr10	45680052	48516978	2836927
chr10	48516979	50254617	1737639
chr10	50254618	52093890	1839273
chr10	80759731	82121592	1361862
chr10	88692109	90105129	1413021
chr10	127692634	128921179	1228546
chr10	134314867	135534746	1219880
chr11	0	1375471	1375472
chr11	2465382	3760337	1294956
chr11	3760338	5002912	1242575
chr11	47946169	49502328	1556160
chr11	49502329	51388598	1886270
chr11	51388599	55895441	4506843
chr11	67539283	68817029	1277747
chr11	71097666	72406066	1308401
chr11	87939718	89222864	1283147
chr11	89222865	90723676	1500812
chr11	96208959	97457618	1248660
chr12	0	1302079	1302080
chr12	8001768	9365234	1363467
chr12	9365235	10661836	1296602
chr12	34027346	38358433	4331088
chr12	132105302	133354164	1248863
chr13	0	20636301	20636302
chr13	52702130	53995119	1292990
chr13	86268889	87495297	1226409
chr13	112263017	113514303	1251287
chr14	0	21204839	21204840
chr14	105321631	106623276	1301646
chr15	0	23759947	23759948
chr15	23759948	25086125	1326178
chr15	28293701	29966208	1672508
chr15	29966209	31682997	1716789
chr15	31682998	33274406	1591409
chr15	34363913	35597493	1233581
chr15	43350150	44649157	1299008
chr15	81476671	83237782	1761112
chr15	84374872	85853881	1479010
chr16	0	1216399	1216400
chr16	13759679	15181665	1421987
chr16	15181666	17087569	1905904
chr16	18255731	19916500	1660770
chr16	19916501	21125559	1209059
chr16	21125560	22804363	1678804
chr16	28357937	30422317	2064381
chr16	31651441	34410498	2759058
chr16	34410499	46747945	12337447
chr16	69822706	71465267	1642562
chr16	73687118	74904764	1217647
chr17	0	1342401	1342402
chr17	15105272	16470755	1365484
chr17	16470756	17740233	1269478
chr17	17740234	19433579	1693346
chr17	19433580	20917987	1484408
chr17	20917988	25397061	4479074
chr17	28861004	30161184	1300181
chr17	30161185	31404722	1243538
chr17	33540118	35019978	1479861
chr17	36130865	37494766	1363902
chr17	43355124	45027417	1672294
chr17	59789564	61075124	1285561
chr17	62198447	63507762	1309316
chr17	76977635	78204837	1227203
chr18	13430736	15062710	1631975
chr18	15062711	19565828	4503118
chr18	51959077	53165792	1206716
chr19	0	1441010	1441011
chr19	6236523	7587956	1351434
chr19	7587957	8933959	1346003
chr19	19917111	21301390	1384280
chr19	23870955	28255522	4384568
chr19	42181621	43447213	1265593
chr19	43447214	44792541	1345328
chr19	54620275	55988346	1368072
chr20	25153060	29983090	4830031
chr21	0	15764760	15764761
chr22	0	18292459	18292460
chr22	18292460	19671866	1379407
chr22	19671867	21215160	1543294
chr22	21215161	22842319	1627159
chrX	0	1768254	1768255
chrX	3069343	4330179	1260837
chrX	47775185	49141782	1366598
chrX	49141783	50497330	1355548
chrX	51725712	53705196	1979485
chrX	57600365	61995962	4395598
chrX	61995963	63323608	1327646
chrX	70508597	71817577	1308981
chrX	71817578	73329831	1512254
chrX	75875965	77198483	1322519
chrX	87522231	88993991	1471761
chrX	88993992	91456733	2462742
chrX	91456734	93120525	1663792
chrX	101006259	102480519	1474261
chrX	119879590	121117848	1238259
chrX	134716999	135957931	1240933
chrX	139372749	140752714	1379966
chrX	143000631	144243667	1243037
chrX	148709863	150000095	1290233
chrX	151117944	152565542	1447599
chrX	152565543	153835261	1269719
chrY	0	5586588	5586589
chrY	5586589	7597986	2011398
chrY	8686339	13845301	5158963
chrY	17528785	18914576	1385792
chrY	18914577	21479581	2565005
chrY	21479582	22889811	1410230
chrY	22889812	28541924	5652113
