bin.chrom	bin.start	bin.end	window
chr1	0	977835	977836
chr1	3780324	4151406	371083
chr1	12687497	13189333	501837
chr1	13189334	14004077	814744
chr1	16695950	17056655	360706
chr1	17056656	17435203	378548
chr1	24130791	24465937	335147
chr1	29710615	30073160	362546
chr1	83519313	83963136	443824
chr1	103567436	103913955	346520
chr1	103913956	104371958	458003
chr1	108697840	109144131	446292
chr1	120508460	121326396	817937
chr1	121326397	144071760	22745364
chr1	144071761	145073280	1001520
chr1	145073281	145520501	447221
chr1	145823582	146719694	896113
chr1	147182729	147636954	454226
chr1	147636955	149122964	1486010
chr1	149122965	149883876	760912
chr1	161478718	161815103	336386
chr1	205875174	206572389	697216
chr1	223937418	224281500	344083
chr1	243058683	243486076	427394
chr1	248489036	248845128	356093
chr1	248845129	249250620	405492
chr2	86851768	87377382	525615
chr2	87377383	88398376	1020994
chr2	89377233	90241996	864764
chr2	90241997	92275203	2033207
chr2	92275204	95658971	3383768
chr2	96181695	96676185	494491
chr2	97637976	98319589	681614
chr2	106815622	107178381	362760
chr2	109946580	110296082	349503
chr2	110296083	110878179	582097
chr2	110878180	111497320	619141
chr2	111919873	112422953	503081
chr2	112422954	112767337	344384
chr2	112992964	113320451	327488
chr2	113977392	114439629	462238
chr2	130594943	130986950	392008
chr2	130986951	131522216	535266
chr2	131754608	132106636	352029
chr2	132106637	132457223	350587
chr2	132457224	133000722	543499
chr2	242873950	243199372	325423
chr3	75424719	75974338	549620
chr3	90243914	93546647	3302734
chr3	125426068	125796325	370258
chr3	129756026	130080342	324317
chr3	197615319	198022429	407111
chr4	3978596	4330821	352226
chr4	8906817	9498461	591645
chr4	9498462	9854624	356163
chr4	49047322	52757532	3710211
chr4	119394522	119742900	348379
chr4	132650563	133011254	360692
chr5	17455036	17776251	321216
chr5	20581054	20954773	373720
chr5	21174677	21526702	352026
chr5	34039509	34503923	464415
chr5	46188027	49482387	3294361
chr5	68682324	70751669	2069346
chr5	175222715	175622326	399612
chr5	177067177	177597455	530279
chr6	0	410961	410962
chr6	26554673	27008814	454142
chr6	57754611	58277824	523214
chr6	58277825	58700617	422793
chr6	58700618	62098051	3397434
chr6	95665053	96035092	370040
chr6	167722003	168061956	339954
chr6	170702733	171115066	412334
chr7	5820899	6175614	354716
chr7	6659855	7071646	411792
chr7	32598274	32919261	320988
chr7	34934457	35303639	369183
chr7	56208723	56531509	322787
chr7	56785782	57344928	559147
chr7	57588379	58000218	411840
chr7	58000219	61877483	3877265
chr7	61877484	62189670	312187
chr7	62709729	63430271	720543
chr7	64410945	64796223	385279
chr7	64796224	65263324	467101
chr7	66338358	66684498	346141
chr7	71919056	72279602	360547
chr7	72279603	72891326	611724
chr7	74140303	75301673	1161371
chr7	76074057	76810157	736101
chr7	101941270	102491081	549812
chr7	130093295	130426048	332754
chr7	143170063	143701864	531802
chr7	143701865	144105010	403146
chr7	149441790	149768172	326383
chr7	149768173	150133696	365524
chr7	153399972	153763279	363308
chr8	0	432554	432555
chr8	6753373	7630379	877007
chr8	7630380	8262459	632080
chr8	11735440	12509752	774313
chr8	43681615	46990468	3308854
chr8	86392240	86893804	501565
chr8	145063476	145531766	468291
chr9	0	394721	394722
chr9	38737330	41980038	3242709
chr9	41980039	44779994	2799956
chr9	44779995	66792273	22012279
chr9	66792274	69197273	2405000
chr9	69197274	71117382	1920109
chr9	92279202	92739753	460552
chr9	97019376	97354152	334777
chr9	99573680	99917020	343341
chr9	133051736	133418768	367033
chr9	140884555	141213430	328876
chr10	0	331095	331096
chr10	17712660	18360282	647623
chr10	38494139	38986587	492449
chr10	38986588	42495236	3508649
chr10	42495237	42919624	424388
chr10	46156573	47115622	959050
chr10	47115623	48310240	1194618
chr10	48516979	49418272	901294
chr10	50887001	51518225	631225
chr10	51518226	52093890	575665
chr10	81486086	81865216	379131
chr10	88692109	89184259	492151
chr10	128549113	128921179	372067
chr10	135192008	135534746	342739
chr11	0	415370	415371
chr11	3399991	3760337	360347
chr11	4230159	4571760	341602
chr11	48445841	48781861	336021
chr11	48781862	49147620	365759
chr11	49147621	49502328	354708
chr11	49502329	49876911	374583
chr11	50720119	51388598	668480
chr11	51388599	54897631	3509033
chr11	67539283	67904888	365606
chr11	71365772	71740684	374913
chr11	88609015	88932484	323470
chr11	89222865	89838289	615425
chr11	96208959	96584367	375409
chr12	0	372934	372935
chr12	8261653	8662274	400622
chr12	9365235	9723291	358057
chr12	34784811	38103487	3318677
chr12	132577248	132905909	328662
chr12	133354165	133772924	418760
chr12	133772925	133851894	78970
chr13	0	19556781	19556782
chr13	19809049	20138424	329376
chr13	52702130	53038090	335961
chr13	53038091	53361576	323486
chr13	86697930	87067198	369269
chr13	112263017	112620403	357387
chr14	0	20254676	20254677
chr14	106004073	106346281	342209
chr15	0	20607850	20607851
chr15	20607851	22385558	1777708
chr15	22385559	22822436	436878
chr15	23061246	23759947	698702
chr15	24493520	24858316	364797
chr15	28293701	28698536	404836
chr15	28698537	29301821	603285
chr15	30183506	30929576	746071
chr15	30929577	31251673	322097
chr15	32406791	33061913	655123
chr15	34600353	34934033	333681
chr15	43804009	44180753	376745
chr15	82375310	83237782	862473
chr15	84598938	85052319	453382
chr16	0	324164	324165
chr16	14650027	15181665	531639
chr16	15181666	15675645	493980
chr16	16140092	16858217	718126
chr16	18255731	19009705	753975
chr16	20347971	20668642	320672
chr16	21379441	21959903	580463
chr16	22409480	22804363	394884
chr16	28357937	28905436	547500
chr16	28905437	29265695	360259
chr16	29265696	29808115	542420
chr16	30041210	30422317	381108
chr16	31895630	32561311	665682
chr16	32561312	33526811	965500
chr16	33526812	34002233	475422
chr16	34002234	34410498	408265
chr16	35091179	46503810	11412632
chr16	69822706	70185678	362973
chr16	70739407	71246391	506985
chr16	74339719	74672556	332838
chr17	239033	591231	352199
chr17	15326514	15711740	385227
chr17	16470756	16846366	375611
chr17	18184563	18767911	583349
chr17	18767912	19203253	435342
chr17	20128099	20641741	513643
chr17	21374155	21787716	413562
chr17	22088782	25397061	3308280
chr17	28861004	29207972	346969
chr17	30161185	30485237	324053
chr17	34478365	35019978	541614
chr17	36130865	36535412	404548
chr17	43355124	43716551	361428
chr17	44147919	44808093	660175
chr17	60253318	60608227	354910
chr17	62713486	63069227	355742
chr17	77400941	77765844	364904
chr18	14100759	14664475	563717
chr18	14664476	15062710	398235
chr18	15062711	18639364	3576654
chr18	51959077	52325873	366797
chr19	0	497990	497991
chr19	7256132	7587956	331825
chr19	8587754	8933959	346206
chr19	20444021	20790218	346198
chr19	24366238	27750503	3384266
chr19	43093790	43447213	353424
chr19	43447214	43850818	403605
chr19	55127177	55509156	381980
chr19	59040927	59128982	88056
chr20	25615741	26097064	481324
chr20	26097065	29561006	3463942
chr20	29561007	29983090	422084
chr21	0	10773057	10773058
chr21	10773058	11130529	357472
chr21	11130530	15170371	4039842
chr21	15170372	15549570	379199
chr22	0	17289007	17289008
chr22	18517584	18989131	471548
chr22	20106332	20688546	582215
chr22	21454619	22098563	643945
chr22	50965711	51304565	338855
chrX	0	478176	478177
chrX	996723	1508358	511636
chrX	3540780	3902211	361432
chrX	48059253	48418624	359372
chrX	49141783	49566514	424732
chrX	51725712	52075854	350143
chrX	52075855	53013436	937582
chrX	58313359	61728244	3414886
chrX	62233509	62599888	366380
chrX	70774184	71149275	375092
chrX	71817578	72308521	490944
chrX	76390613	76711152	320540
chrX	88406163	88993991	587829
chrX	88993992	89490704	496713
chrX	89490705	90144281	653577
chrX	90144282	90541454	397173
chrX	90839832	91456733	616902
chrX	91456734	92018780	562047
chrX	92018781	92472031	453251
chrX	101253034	101766936	513903
chrX	119879590	120226627	347038
chrX	134716999	135081191	364193
chrX	140031765	140406266	374502
chrX	140406267	140752714	346448
chrX	143000631	143335912	335282
chrX	148709863	149135409	425547
chrX	152113415	152565542	452128
chrX	153219951	153555406	335456
chrX	155180157	155270559	90403
chrY	0	2877579	2877580
chrY	2877580	3513827	636248
chrY	3513828	4146621	632794
chrY	4146622	4858271	711650
chrY	4858272	5586588	728317
chrY	5586589	6451547	864959
chrY	6451548	6807542	355995
chrY	8975167	9463600	488434
chrY	9463601	9966715	503115
chrY	9966716	13443054	3476339
chrY	13443055	13845301	402247
chrY	18253274	18689718	436445
chrY	19378900	20830399	1451500
chrY	20830400	21245343	414944
chrY	22170868	22660896	490029
chrY	23625470	24366311	740842
chrY	24366312	28541924	4175613
chrY	28541925	59373565	30831641
chr6	28558043	28744701	253658
chr6	28793386	29006011	261310
chr6	29027347	29251997	245986
chr6	29272388	29489650	237653
chr6	29489843	29710614	220964
chr6	29711008	30073160	362546
chr6	29945096	30073160	362546
chr6	30168087	30286125	212965
chr6	30392442	30495853	209728
chr6	30638464	30708251	212398
chr6	30872500	30924455	216204
chr6	31099907	31149500	225045
chr6	31340586	31359926	210426
chr6	31583614	31591439	231513
chr6	31816075	31831888	240449
chr6	32110044	32267225	205656
chr6	32345551	32506447	239222
chr6	32586311	32747341	240894
chr6	32807342	32991709	244368
chr6	33021629	33243237	251528
chr6	33242204	33243237	251528
