1	1	1
1	1989904	1989904
1	3146715	3146715
1	4372510	4372510
1	5438637	5438637
1	6528722	6528722
1	7622685	7622685
1	8759017	8759017
1	9934064	9934064
1	11100664	11100664
1	12246875	12246875
1	14220486	14220486
1	15303908	15303908
1	16460785	16460785
1	17893940	17893940
1	18942364	18942364
1	20033346	20033346
1	21148243	21148243
1	22345440	22345440
1	23426969	23426969
1	24687366	24687366
1	25901635	25901635
1	27061302	27061302
1	28257752	28257752
1	29489652	29489652
1	30708253	30708253
1	31831890	31831890
1	32991711	32991711
1	34130570	34130570
1	35202043	35202043
1	36355145	36355145
1	37460902	37460902
1	38577517	38577517
1	39703959	39703959
1	40881514	40881514
1	41991606	41991606
1	43079515	43079515
1	44205690	44205690
1	45305209	45305209
1	46512668	46512668
1	47769538	47769538
1	48866776	48866776
1	49955029	49955029
1	51078270	51078270
1	52230392	52230392
1	53398116	53398116
1	54485770	54485770
1	55608330	55608330
1	56684442	56684442
1	57746481	57746481
1	58820265	58820265
1	59901010	59901010
1	61003975	61003975
1	62076808	62076808
1	63232521	63232521
1	64320375	64320375
1	65397489	65397489
1	66521364	66521364
1	67613579	67613579
1	68716756	68716756
1	69828446	69828446
1	70928201	70928201
1	72022731	72022731
1	73076959	73076959
1	74154562	74154562
1	75221498	75221498
1	76368558	76368558
1	77441851	77441851
1	78551291	78551291
1	79651199	79651199
1	80741984	80741984
1	81818111	81818111
1	82889955	82889955
1	84175324	84175324
1	85242353	85242353
1	86346709	86346709
1	87485819	87485819
1	88540912	88540912
1	89642227	89642227
1	90778098	90778098
1	91903955	91903955
1	93048452	93048452
1	94187447	94187447
1	95301288	95301288
1	96381246	96381246
1	97485617	97485617
1	98540395	98540395
1	99617997	99617997
1	100728604	100728604
1	101828606	101828606
1	102898327	102898327
1	104371960	104371960
1	105485197	105485197
1	106567782	106567782
1	107642729	107642729
1	108697841	108697841
1	110042674	110042674
1	111137324	111137324
1	112239657	112239657
1	113339393	113339393
1	114514622	114514622
1	115630418	115630418
1	116714540	116714540
1	117829472	117829472
1	118920541	118920541
1	120055256	120055256
1	145073282	145073282
1	147182730	147182730
1	150360469	150360469
1	151574940	151574940
1	152712105	152712105
1	153850853	153850853
1	155020906	155020906
1	156266443	156266443
1	157387343	157387343
1	158509582	158509582
1	159630535	159630535
1	160728502	160728502
1	162023724	162023724
1	163133193	163133193
1	164223984	164223984
1	165295057	165295057
1	166418113	166418113
1	167503264	167503264
1	168613222	168613222
1	169720295	169720295
1	170830850	170830850
1	171951230	171951230
1	173058454	173058454
1	174232307	174232307
1	175375618	175375618
1	176468493	176468493
1	177517383	177517383
1	178627610	178627610
1	179789871	179789871
1	180899169	180899169
1	181991146	181991146
1	183084464	183084464
1	184174929	184174929
1	185277664	185277664
1	186374364	186374364
1	187462721	187462721
1	188541481	188541481
1	189630055	189630055
1	190680267	190680267
1	191751855	191751855
1	192833876	192833876
1	193913911	193913911
1	194991505	194991505
1	196060963	196060963
1	197221921	197221921
1	198309878	198309878
1	199358300	199358300
1	200476521	200476521
1	201572947	201572947
1	202763781	202763781
1	203894968	203894968
1	204971661	204971661
1	206572391	206572391
1	207651518	207651518
1	208774672	208774672
1	209843986	209843986
1	210930502	210930502
1	212089190	212089190
1	213224896	213224896
1	214302426	214302426
1	215379611	215379611
1	216454944	216454944
1	217496539	217496539
1	218574113	218574113
1	219641208	219641208
1	220771082	220771082
1	221849038	221849038
1	222973073	222973073
1	224281502	224281502
1	225443940	225443940
1	226593431	226593431
1	227708825	227708825
1	228867352	228867352
1	229958558	229958558
1	231027052	231027052
1	232135606	232135606
1	233210835	233210835
1	234296600	234296600
1	235468563	235468563
1	236627272	236627272
1	237726702	237726702
1	238809170	238809170
1	239886048	239886048
1	240977897	240977897
1	242061593	242061593
1	243486078	243486078
1	244560178	244560178
1	245700239	245700239
1	246815537	246815537
2	1	249250622
2	1095647	250346268
2	2211804	251462425
2	3276736	252527357
2	4430145	253680766
2	5596348	254846969
2	6669778	255920399
2	7713000	256963621
2	8762794	258013415
2	9862251	259112872
2	10971868	260222489
2	12071539	261322160
2	13132870	262383491
2	14234541	263485162
2	15310598	264561219
2	16447681	265698302
2	17505089	266755710
2	18596101	267846722
2	19710086	268960707
2	20786271	270036892
2	21884795	271135416
2	22940154	272190775
2	24003777	273254398
2	25153590	274404211
2	26308269	275558890
2	27410307	276660928
2	28534745	277785366
2	29615039	278865660
2	30678033	279928654
2	31762346	281012967
2	32938996	282189617
2	34056546	283307167
2	35170284	284420905
2	36266402	285517023
2	37374830	286625451
2	38474429	287725050
2	39610272	288860893
2	40699353	289949974
2	41771669	291022290
2	42881774	292132395
2	43992802	293243423
2	45099635	294350256
2	46165348	295415969
2	47228236	296478857
2	48369813	297620434
2	49480682	298731303
2	50551389	299802010
2	51594553	300845174
2	52685097	301935718
2	53763683	303014304
2	54861237	304111858
2	55976883	305227504
2	57091063	306341684
2	58187102	307437723
2	59256091	308506712
2	60326702	309577323
2	61446020	310696641
2	62603719	311854340
2	63744462	312995083
2	64845501	314096122
2	65960023	315210644
2	67067535	316318156
2	68140705	317391326
2	69241482	318492103
2	70344705	319595326
2	71508691	320759312
2	72578131	321828752
2	73679275	322929896
2	74852279	324102900
2	75940644	325191265
2	77053225	326303846
2	78159903	327410524
2	79235827	328486448
2	80312488	329563109
2	81376574	330627195
2	82452344	331702965
2	83522111	332772732
2	84618571	333869192
2	85751535	335002156
2	86851769	336102390
2	89074868	338325489
2	95882176	345132797
2	97411855	346662476
2	98976783	348227404
2	100104656	349355277
2	101219537	350470158
2	102340794	351591415
2	103401872	352652493
2	104472730	353723351
2	105520340	354770961
2	106597715	355848336
2	107817348	357067969
2	108972438	358223059
2	110296084	359546705
2	112422955	361673576
2	113760821	363011442
2	115108398	364359019
2	116186238	365436859
2	117280983	366531604
2	118389856	367640477
2	119491009	368741630
2	120576528	369827149
2	121653783	370904404
2	122751034	372001655
2	123829004	373079625
2	124912838	374163459
2	125983909	375234530
2	127072651	376323272
2	128154189	377404810
2	129275166	378525787
2	130378458	379629079
2	132106638	381357259
2	133670548	382921169
2	134743899	383994520
2	135850852	385101473
2	136995955	386246576
2	138085350	387335971
2	139174477	388425098
2	140248943	389499564
2	141312004	390562625
2	142369023	391619644
2	143417541	392668162
2	144489492	393740113
2	145545401	394796022
2	146591586	395842207
2	147664159	396914780
2	148735984	397986605
2	149943833	399194454
2	151060674	400311295
2	152124366	401374987
2	153275195	402525816
2	154369517	403620138
2	155452094	404702715
2	156526497	405777118
2	157614213	406864834
2	158723047	407973668
2	159851882	409102503
2	160951932	410202553
2	162064046	411314667
2	163148483	412399104
2	164205450	413456071
2	165267293	414517914
2	166330273	415580894
2	167404535	416655156
2	168526468	417777089
2	169607967	418858588
2	170736777	419987398
2	171843012	421093633
2	172977329	422227950
2	174077630	423328251
2	175173307	424423928
2	176262907	425513528
2	177375106	426625727
2	178446656	427697277
2	179545801	428796422
2	180652058	429902679
2	181727264	430977885
2	182787205	432037826
2	183891836	433142457
2	185020870	434271491
2	186082764	435333385
2	187185672	436436293
2	188267767	437518388
2	189356178	438606799
2	190435264	439685885
2	191543529	440794150
2	192622062	441872683
2	193685876	442936497
2	194786785	444037406
2	195879516	445130137
2	197005275	446255896
2	198107739	447358360
2	199245753	448496374
2	200326220	449576841
2	201403956	450654577
2	202568353	451818974
2	203734471	452985092
2	204878541	454129162
2	205940543	455191164
2	207021004	456271625
2	208132323	457382944
2	209259303	458509924
2	210417707	459668328
2	211509986	460760607
2	212580371	461830992
2	213649180	462899801
2	214739679	463990300
2	215821512	465072133
2	216933264	466183885
2	218008523	467259144
2	219074639	468325260
2	220209841	469460462
2	221285238	470535859
2	222341157	471591778
2	223409929	472660550
2	224515243	473765864
2	225630719	474881340
2	226701787	475952408
2	227762828	477013449
2	228886737	478137358
2	229992883	479243504
2	231093956	480344577
2	232226390	481477011
2	233407588	482658209
2	234588258	483838879
2	235691808	484942429
2	236769655	486020276
2	237839585	487090206
2	238913149	488163770
2	240018752	489269373
2	241096113	490346734
3	1	492449995
3	1171864	493621858
3	2256205	494706199
3	3329336	495779330
3	4456554	496906548
3	5549279	497999273
3	6665321	499115315
3	7724175	500174169
3	8816093	501266087
3	9922882	502372876
3	11028050	503478044
3	12158113	504608107
3	13251646	505701640
3	14356257	506806251
3	15457092	507907086
3	16547809	508997803
3	17630799	510080793
3	18710022	511160016
3	19830689	512280683
3	20953741	513403735
3	22048472	514498466
3	23167575	515617569
3	24281274	516731268
3	25331757	517781751
3	26424586	518874580
3	27557191	520007185
3	28674163	521124157
3	29739813	522189807
3	30816641	523266635
3	31863419	524313413
3	33016279	525466273
3	34156288	526606282
3	35252542	527702536
3	36338570	528788564
3	37444359	529894353
3	38550842	531000836
3	39648676	532098670
3	40784499	533234493
3	41908443	534358437
3	43023558	535473552
3	44125304	536575298
3	45239214	537689208
3	46330017	538780011
3	47457356	539907350
3	48643768	541093762
3	49870604	542320598
3	51007559	543457553
3	52189992	544639986
3	53291879	545741873
3	54386921	546836915
3	55480452	547930446
3	56530575	548980569
3	57698371	550148365
3	58851442	551301436
3	59941676	552391670
3	61003858	553453852
3	62101001	554550995
3	63156194	555606188
3	64236689	556686683
3	65302271	557752265
3	66482764	558932758
3	67586609	560036603
3	68661923	561111917
3	69769324	562219318
3	70838691	563288685
3	71905164	564355158
3	72982322	565432316
3	74073550	566523544
3	75165333	567615327
3	76626662	569076656
3	77677439	570127433
3	78756927	571206921
3	79827191	572277185
3	80896985	573346979
3	81976921	574426915
3	83060441	575510435
3	84124735	576574729
3	85210056	577660050
3	86282677	578732671
3	87352704	579802698
3	88453728	580903722
3	89552039	582002033
3	93801970	586251964
3	94895564	587345558
3	95982675	588432669
3	97076915	589526909
3	98174934	590624928
3	99296790	591746784
3	100408233	592858227
3	101546728	593996722
3	102631418	595081412
3	103712349	596162343
3	104780182	597230176
3	105850265	598300259
3	106948052	599398046
3	108019594	600469588
3	109136962	601586956
3	110261925	602711919
3	111358162	603808156
3	112470844	604920838
3	113581801	606031795
3	114647515	607097509
3	115720391	608170385
3	116799543	609249537
3	117845491	610295485
3	118956685	611406679
3	120061614	612511608
3	121245696	613695690
3	122375495	614825489
3	123447147	615897141
3	124532723	616982717
3	125796327	618246321
3	126866219	619316213
3	127928227	620378221
3	129063937	621513931
3	130294799	622744793
3	131406293	623856287
3	132529633	624979627
3	133653146	626103140
3	134720966	627170960
3	135831938	628281932
3	137013908	629463902
3	138160298	630610292
3	139306301	631756295
3	140368640	632818634
3	141485776	633935770
3	142633006	635083000
3	143707532	636157526
3	144771133	637221127
3	145857326	638307320
3	146951900	639401894
3	148011783	640461777
3	149114009	641564003
3	150190099	642640093
3	151296222	643746216
3	152383844	644833838
3	153513463	645963457
3	154635079	647085073
3	155777641	648227635
3	156855247	649305241
3	157966985	650416979
3	159076013	651526007
3	160196227	652646221
3	161287525	653737519
3	162376167	654826161
3	163470183	655920177
3	164560794	657010788
3	165643087	658093081
3	166738364	659188358
3	167821792	660271786
3	168881385	661331379
3	169983591	662433585
3	171106904	663556898
3	172194033	664644027
3	173293246	665743240
3	174347817	666797811
3	175421989	667871983
3	176517939	668967933
3	177650471	670100465
3	178731730	671181724
3	179860304	672310298
3	180979780	673429774
3	182072882	674522876
3	183190752	675640746
3	184342413	676792407
3	185486517	677936511
3	186614800	679064794
3	187717188	680167182
3	188796858	681246852
3	189858127	682308121
3	190937505	683387499
3	192020863	684470857
3	193110490	685560484
3	194187108	686637102
3	195334396	687784390
3	196668269	689118263
4	1	690472425
4	1193240	691665664
4	2358216	692830640
4	3489585	693962009
4	4760097	695232521
4	5880854	696353278
4	6955411	697427835
4	8021054	698493478
4	9498463	699970887
4	10700739	701173163
4	11814553	702286977
4	12901960	703374384
4	13979875	704452299
4	15068526	705540950
4	16157129	706629553
4	17242919	707715343
4	18349209	708821633
4	19430159	709902583
4	20498186	710970610
4	21590348	712062772
4	22691968	713164392
4	23760758	714233182
4	24823282	715295706
4	25931850	716404274
4	27040028	717512452
4	28110757	718583181
4	29167555	719639979
4	30235460	720707884
4	31284740	721757164
4	32350827	722823251
4	33417000	723889424
4	34489515	724961939
4	35549788	726022212
4	36614360	727086784
4	37717506	728189930
4	38822390	729294814
4	39998052	730470476
4	41158214	731630638
4	42253123	732725547
4	43344239	733816663
4	44436959	734909383
4	45518648	735991072
4	46611104	737083528
4	47691494	738163918
4	48806635	739279059
4	53478290	743950714
4	54636063	745108487
4	55758647	746231071
4	56881242	747353666
4	58032046	748504470
4	59158849	749631273
4	60315454	750787878
4	61409441	751881865
4	62490731	752963155
4	63591614	754064038
4	64697962	755170386
4	65788469	756260893
4	66876015	757348439
4	67969890	758442314
4	69096197	759568621
4	70372087	760844511
4	71492904	761965328
4	72641460	763113884
4	73788234	764260658
4	74882900	765355324
4	76079126	766551550
4	77249098	767721522
4	78344763	768817187
4	79483896	769956320
4	80563360	771035784
4	81650641	772123065
4	82746338	773218762
4	83888212	774360636
4	85012022	775484446
4	86118846	776591270
4	87229861	777702285
4	88364920	778837344
4	89505549	779977973
4	90600276	781072700
4	91695326	782167750
4	92819770	783292194
4	93909336	784381760
4	94997015	785469439
4	96116910	786589334
4	97182001	787654425
4	98267134	788739558
4	99422263	789894687
4	100563503	791035927
4	101657851	792130275
4	102751372	793223796
4	103904458	794376882
4	105048292	795520716
4	106151774	796624198
4	107267984	797740408
4	108386254	798858678
4	109469912	799942336
4	110580042	801052466
4	111719507	802191931
4	112828337	803300761
4	113962890	804435314
4	115036161	805508585
4	116108121	806580545
4	117188781	807661205
4	118261959	808734383
4	119394523	809866947
4	120707952	811180376
4	121806957	812279381
4	122895271	813367695
4	124015249	814487673
4	125121428	815593852
4	126201341	816673765
4	127274760	817747184
4	128377153	818849577
4	129541898	820014322
4	130658650	821131074
4	131743883	822216307
4	133011256	823483680
4	134088735	824561159
4	135167054	825639478
4	136261140	826733564
4	137332468	827804892
4	138373477	828845901
4	139457234	829929658
4	140599724	831072148
4	141681693	832154117
4	142792442	833264866
4	143885841	834358265
4	145189467	835661891
4	146328658	836801082
4	147420015	837892439
4	148532111	839004535
4	149632519	840104943
4	150723320	841195744
4	151814752	842287176
4	152931738	843404162
4	154002865	844475289
4	155107247	845579671
4	156170837	846643261
4	157244899	847717323
4	158305912	848778336
4	159418650	849891074
4	160540582	851013006
4	161661423	852133847
4	162733616	853206040
4	163803062	854275486
4	164894560	855366984
4	166066602	856539026
4	167178854	857651278
4	168294836	858767260
4	169390588	859863012
4	170502458	860974882
4	171644551	862116975
4	172702428	863174852
4	173770763	864243187
4	174868643	865341067
4	175939235	866411659
4	177016537	867488961
4	178089019	868561443
4	179179677	869652101
4	180247968	870720392
4	181319092	871791516
4	182384550	872856974
4	183457399	873929823
4	184570579	875043003
4	185677195	876149619
4	186769750	877242174
4	187890382	878362806
4	188999707	879472131
5	1	881626701
5	1262101	882888801
5	2374191	884000891
5	3416912	885043612
5	4469709	886096409
5	5547402	887174102
5	6593935	888220635
5	7706124	889332824
5	8783249	890409949
5	9846889	891473589
5	10949605	892576305
5	12001843	893628543
5	13070901	894697601
5	14150636	895777336
5	15222847	896849547
5	16305903	897932603
5	17455037	899081737
5	18645128	900271828
5	19723545	901350245
5	20954775	902581475
5	22271816	903898516
5	23338287	904964987
5	24421353	906048053
5	25513406	907140106
5	26589704	908216404
5	27649344	909276044
5	28728011	910354711
5	29830852	911457552
5	30911960	912538660
5	32011806	913638506
5	33168087	914794787
5	34503925	916130625
5	35625308	917252008
5	36713611	918340311
5	37885636	919512336
5	38954941	920581641
5	40045568	921672268
5	41175294	922801994
5	42278676	923905376
5	43447462	925074162
5	44591497	926218197
5	45707516	927334216
5	50047813	931674513
5	51131213	932757913
5	52227580	933854280
5	53359378	934986078
5	54463687	936090387
5	55605254	937231954
5	56708122	938334822
5	57801715	939428415
5	58888296	940514996
5	59989514	941616214
5	61091052	942717752
5	62250488	943877188
5	63342558	944969258
5	64454480	946081180
5	65584242	947210942
5	66653797	948280497
5	67768780	949395480
5	70751671	952378371
5	71844455	953471155
5	72940903	954567603
5	73999527	955626227
5	75166484	956793184
5	76309893	957936593
5	77403923	959030623
5	78555329	960182029
5	79696793	961323493
5	80827212	962453912
5	81948488	963575188
5	83035284	964661984
5	84108676	965735376
5	85189862	966816562
5	86298294	967924994
5	87413092	969039792
5	88498088	970124788
5	89588136	971214836
5	90691378	972318078
5	91826750	973453450
5	92909018	974535718
5	94006853	975633553
5	95082933	976709633
5	96166043	977792743
5	97291916	978918616
5	98412742	980039442
5	99642663	981269363
5	100815792	982442492
5	101936981	983563681
5	103003101	984629801
5	104091939	985718639
5	105163899	986790599
5	106254550	987881250
5	107294628	988921328
5	108391426	990018126
5	109481955	991108655
5	110597023	992223723
5	111689982	993316682
5	112796452	994423152
5	113905539	995532239
5	115031192	996657892
5	116111569	997738269
5	117194154	998820854
5	118275177	999901877
5	119403066	1001029766
5	120504739	1002131439
5	121609598	1003236298
5	122717197	1004343897
5	123793273	1005419973
5	124871792	1006498492
5	125986976	1007613676
5	127130926	1008757626
5	128212014	1009838714
5	129321717	1010948417
5	130485431	1012112131
5	131618282	1013244982
5	132745563	1014372263
5	133855864	1015482564
5	134957742	1016584442
5	136021941	1017648641
5	137119988	1018746688
5	138286613	1019913313
5	139474362	1021101062
5	140618100	1022244800
5	141724199	1023350899
5	142805704	1024432404
5	143870039	1025496739
5	145001738	1026628438
5	146104948	1027731648
5	147195120	1028821820
5	148289593	1029916293
5	149378965	1031005665
5	150465461	1032092161
5	151568893	1033195593
5	152701548	1034328248
5	153778696	1035405396
5	154903834	1036530534
5	156026284	1037652984
5	157169291	1038795991
5	158250296	1039876996
5	159320926	1040947626
5	160445808	1042072508
5	161519926	1043146626
5	162636489	1044263189
5	163726430	1045353130
5	164797393	1046424093
5	165877036	1047503736
5	166951770	1048578470
5	168029276	1049655976
5	169101292	1050727992
5	170150616	1051777316
5	171271508	1052898208
5	172381962	1054008662
5	173481028	1055107728
5	174574088	1056200788
5	175932063	1057558763
5	177067178	1058693878
5	178499250	1060125950
5	179660337	1061287037
6	1	1062541961
6	1272804	1063814764
6	2353652	1064895612
6	3454296	1065996256
6	4549542	1067091502
6	5628282	1068170242
6	6741669	1069283629
6	7841939	1070383899
6	8942322	1071484282
6	10033385	1072575345
6	11159987	1073701947
6	12236842	1074778802
6	13310182	1075852142
6	14399078	1076941038
6	15509558	1078051518
6	16602640	1079144600
6	17728839	1080270799
6	18845856	1081387816
6	19961054	1082503014
6	21056904	1083598864
6	22189829	1084731789
6	23271041	1085813001
6	24358548	1086900508
6	25476952	1088018912
6	26554674	1089096634
6	27908118	1090450078
6	29027348	1091569308
6	30168088	1092710048
6	31340587	1093882547
6	32586312	1095128272
6	33713056	1096255016
6	34839767	1097381727
6	35982187	1098524147
6	37097731	1099639691
6	38192122	1100734082
6	39279774	1101821734
6	40344409	1102886369
6	41394191	1103936151
6	42518758	1105060718
6	43691534	1106233494
6	44768995	1107310955
6	45871272	1108413232
6	46943078	1109485038
6	48030837	1110572797
6	49122227	1111664187
6	50213008	1112754968
6	51302521	1113844481
6	52396241	1114938201
6	53543706	1116085666
6	54618331	1117160291
6	55721708	1118263668
6	56802091	1119344051
6	58277826	1120819786
6	62832980	1125374940
6	63946258	1126488218
6	65086448	1127628408
6	66182555	1128724515
6	67270734	1129812694
6	68361243	1130903203
6	69448998	1131990958
6	70539056	1133081016
6	71666615	1134208575
6	72756882	1135298842
6	73853294	1136395254
6	75058841	1137600801
6	76183936	1138725896
6	77317767	1139859727
6	78446572	1140988532
6	79593313	1142135273
6	80691564	1143233524
6	81831274	1144373234
6	82952259	1145494219
6	84095507	1146637467
6	85219812	1147761772
6	86356337	1148898297
6	87595393	1150137353
6	88722992	1151264952
6	89842648	1152384608
6	90953419	1153495379
6	92012724	1154554684
6	93077254	1155619214
6	94149812	1156691772
6	95211511	1157753471
6	96474226	1159016186
6	97551826	1160093786
6	98632991	1161174951
6	99711193	1162253153
6	100834404	1163376364
6	101922373	1164464333
6	102994827	1165536787
6	104090158	1166632118
6	105184159	1167726119
6	106309581	1168851541
6	107420315	1169962275
6	108548272	1171090232
6	109671110	1172213070
6	110803046	1173345006
6	111956930	1174498890
6	113040353	1175582313
6	114130494	1176672454
6	115209974	1177751934
6	116350327	1178892287
6	117457755	1179999715
6	118570151	1181112111
6	119662288	1182204248
6	120737527	1183279487
6	121884849	1184426809
6	122976760	1185518720
6	124066475	1186608435
6	125135607	1187677567
6	126221555	1188763515
6	127320428	1189862388
6	128406761	1190948721
6	129482267	1192024227
6	130559649	1193101609
6	131670467	1194212427
6	132769681	1195311641
6	133852453	1196394413
6	134956507	1197498467
6	136050301	1198592261
6	137141140	1199683100
6	138223232	1200765192
6	139328669	1201870629
6	140429874	1202971834
6	141511869	1204053829
6	142615045	1205157005
6	143689115	1206231075
6	144781926	1207323886
6	145865397	1208407357
6	146957936	1209499896
6	148019995	1210561955
6	149128068	1211670028
6	150241576	1212783536
6	151368457	1213910417
6	152500660	1215042620
6	153585866	1216127826
6	154679793	1217221753
6	155791436	1218333396
6	156864778	1219406738
6	158039321	1220581281
6	159172605	1221714565
6	160288157	1222830117
6	161448018	1223989978
6	162528909	1225070869
6	163597993	1226139953
6	164652260	1227194220
6	165745219	1228287179
6	166816103	1229358063
6	168061958	1230603918
6	169130761	1231672721
7	1	1233657028
7	1216385	1234873412
7	2323134	1235980161
7	3464038	1237121065
7	4553516	1238210543
7	5820900	1239477927
7	7297126	1240954153
7	8385555	1242042582
7	9450326	1243107353
7	10542532	1244199559
7	11644080	1245301107
7	12715479	1246372506
7	13804084	1247461111
7	14892225	1248549252
7	15944477	1249601504
7	17032077	1250689104
7	18115509	1251772536
7	19169900	1252826927
7	20279742	1253936769
7	21366683	1255023710
7	22440482	1256097509
7	23601847	1257258874
7	24729742	1258386769
7	25815842	1259472869
7	26903508	1260560535
7	28009091	1261666118
7	29060454	1262717481
7	30192404	1263849431
7	31279702	1264936729
7	32366004	1266023031
7	33620857	1267277884
7	34708195	1268365222
7	35969867	1269626894
7	37080321	1270737348
7	38171382	1271828409
7	39256254	1272913281
7	40424934	1274081961
7	41484916	1275141943
7	42529253	1276186280
7	43624970	1277281997
7	44802846	1278459873
7	46003237	1279660264
7	47068139	1280725166
7	48157265	1281814292
7	49261683	1282918710
7	50333004	1283990031
7	51455404	1285112431
7	52584398	1286241425
7	53658652	1287315679
7	54763137	1288420164
7	55955468	1289612495
7	57588380	1291245407
7	62709730	1296366757
7	64410946	1298067973
7	66075213	1299732240
7	67444607	1301101634
7	68589035	1302246062
7	69691021	1303348048
7	70784974	1304442001
7	71919057	1305576084
7	73630108	1307287135
7	75822384	1309479411
7	77487103	1311144130
7	78571270	1312228297
7	79645193	1313302220
7	80727163	1314384190
7	81790565	1315447592
7	82866619	1316523646
7	83959776	1317616803
7	85032229	1318689256
7	86112632	1319769659
7	87213504	1320870531
7	88318942	1321975969
7	89402878	1323059905
7	90548080	1324205107
7	91687009	1325344036
7	92804269	1326461296
7	93884846	1327541873
7	94979228	1328636255
7	96057217	1329714244
7	97186683	1330843710
7	98444776	1332101803
7	99626444	1333283471
7	100965297	1334622324
7	102491083	1336148110
7	103706078	1337363105
7	104842218	1338499245
7	105982255	1339639282
7	107100976	1340758003
7	108201202	1341858229
7	109292884	1342949911
7	110412144	1344069171
7	111498656	1345155683
7	112590769	1346247796
7	113710265	1347367292
7	114772522	1348429549
7	115839500	1349496527
7	116925692	1350582719
7	118000237	1351657264
7	119057741	1352714768
7	120142345	1353799372
7	121214569	1354871596
7	122285939	1355942966
7	123379314	1357036341
7	124469970	1358126997
7	125558548	1359215575
7	126652033	1360309060
7	127721784	1361378811
7	128945310	1362602337
7	130093296	1363750323
7	131313613	1364970640
7	132373649	1366030676
7	133447634	1367104661
7	134528962	1368185989
7	135629457	1369286484
7	136726732	1370383759
7	137808228	1371465255
7	138975669	1372632696
7	140134747	1373791774
7	141282937	1374939964
7	142508686	1376165713
7	144105012	1377762039
7	145205358	1378862385
7	146296661	1379953688
7	147382875	1381039902
7	148499615	1382156642
7	149768174	1383425201
7	151034001	1384691028
7	152198588	1385855615
7	153399973	1387057000
7	154781188	1388438215
7	155848266	1389505293
7	156947502	1390604529
7	158059347	1391716374
8	1	1392795691
8	1326199	1394121889
8	2479185	1395274875
8	3559625	1396355315
8	4601585	1397397275
8	5655148	1398450838
8	6753374	1399549064
8	8930229	1401725919
8	10032601	1402828291
8	11088519	1403884209
8	12753016	1405548706
8	13828091	1406623781
8	14901762	1407697452
8	15975302	1408770992
8	17057624	1409853314
8	18133693	1410929383
8	19202695	1411998385
8	20281441	1413077131
8	21337696	1414133386
8	22469123	1415264813
8	23568685	1416364375
8	24636137	1417431827
8	25746130	1418541820
8	26823722	1419619412
8	27900971	1420696661
8	29002857	1421798547
8	30102007	1422897697
8	31226597	1424022287
8	32310988	1425106678
8	33402930	1426198620
8	34523368	1427319058
8	35589934	1428385624
8	36697031	1429492721
8	37764397	1430560087
8	38912515	1431708205
8	40037268	1432832958
8	41137813	1433933503
8	42246953	1435042643
8	43464190	1436259880
8	47654130	1440449820
8	48893343	1441689033
8	50026516	1442822206
8	51113969	1443909659
8	52212873	1445008563
8	53302038	1446097728
8	54419571	1447215261
8	55570008	1448365698
8	56671056	1449466746
8	57805032	1450600722
8	58898915	1451694605
8	59979593	1452775283
8	61082032	1453877722
8	62179694	1454975384
8	63270758	1456066448
8	64364460	1457160150
8	65449983	1458245673
8	66553679	1459349369
8	67668131	1460463821
8	68796896	1461592586
8	69878289	1462673979
8	71022123	1463817813
8	72138989	1464934679
8	73239783	1466035473
8	74335419	1467131109
8	75460584	1468256274
8	76571646	1469367336
8	77638684	1470434374
8	78706778	1471502468
8	79787757	1472583447
8	80875059	1473670749
8	82000641	1474796331
8	83102595	1475898285
8	84170348	1476966038
8	85270104	1478065794
8	86392241	1479187931
8	87760980	1480556670
8	88883791	1481679481
8	89978767	1482774457
8	91111073	1483906763
8	92195760	1484991450
8	93312253	1486107943
8	94378742	1487174432
8	95500700	1488296390
8	96629321	1489425011
8	97714076	1490509766
8	98849492	1491645182
8	99979641	1492775331
8	101122485	1493918175
8	102237454	1495033144
8	103335532	1496131222
8	104439142	1497234832
8	105542193	1498337883
8	106609724	1499405414
8	107693270	1500488960
8	108776546	1501572236
8	109877315	1502673005
8	110967124	1503762814
8	112037070	1504832760
8	113103684	1505899374
8	114165530	1506961220
8	115254856	1508050546
8	116338597	1509134287
8	117400557	1510196247
8	118478603	1511274293
8	119548087	1512343777
8	120667151	1513462841
8	121788969	1514584659
8	122883406	1515679096
8	123969638	1516765328
8	125074740	1517870430
8	126170416	1518966106
8	127263702	1520059392
8	128371696	1521167386
8	129450320	1522246010
8	130548314	1523344004
8	131632816	1524428506
8	132722384	1525518074
8	133799292	1526594982
8	134848221	1527643911
8	135920003	1528715693
8	136996585	1529792275
8	138069427	1530865117
8	139158687	1531954377
8	140231798	1533027488
8	141282013	1534077703
8	142391281	1535186971
8	143521860	1536317550
8	144620315	1537416005
9	1	1539159713
9	1284403	1540444115
9	2371864	1541531576
9	3453837	1542613549
9	4539381	1543699093
9	5687976	1544847688
9	6869533	1546029245
9	7944555	1547104267
9	9012109	1548171821
9	10074449	1549234161
9	11159548	1550319260
9	12242049	1551401761
9	13312788	1552472500
9	14371857	1553531569
9	15491572	1554651284
9	16612399	1555772111
9	17727996	1556887708
9	18808128	1557967840
9	19958069	1559117781
9	21038928	1560198640
9	22165403	1561325115
9	23274773	1562434485
9	24361158	1563520870
9	25463919	1564623631
9	26544498	1565704210
9	27652275	1566811987
9	28739449	1567899161
9	29815029	1568974741
9	30895037	1570054749
9	32002287	1571161999
9	33150341	1572310053
9	34426316	1573586028
9	35569227	1574728939
9	36718869	1575878581
9	37805665	1576965377
9	41980040	1581139752
9	71333411	1610493123
9	72449725	1611609437
9	73571612	1612731324
9	74658575	1613818287
9	75774375	1614934087
9	76844818	1616004530
9	77935739	1617095451
9	79034140	1618193852
9	80157434	1619317146
9	81272822	1620432534
9	82348496	1621508208
9	83442030	1622601742
9	84591541	1623751253
9	85686989	1624846701
9	86851783	1626011495
9	87930865	1627090577
9	89141332	1628301044
9	90226717	1629386429
9	91421110	1630580822
9	92739755	1631899467
9	93846066	1633005778
9	94966566	1634126278
9	96121252	1635280964
9	97354154	1636513866
9	98446464	1637606176
9	99573681	1638733393
9	100842977	1640002689
9	101917730	1641077442
9	103003225	1642162937
9	104134504	1643294216
9	105229565	1644389277
9	106315726	1645475438
9	107410844	1646570556
9	108563632	1647723344
9	109663535	1648823247
9	110759370	1649919082
9	111836530	1650996242
9	112923267	1652082979
9	114040598	1653200310
9	115179011	1654338723
9	116332238	1655491950
9	117394839	1656554551
9	118467729	1657627441
9	119545147	1658704859
9	120588555	1659748267
9	121649929	1660809641
9	122719328	1661879040
9	123814321	1662974033
9	124910825	1664070537
9	126035905	1665195617
9	127130705	1666290417
9	128280015	1667439727
9	129356841	1668516553
9	130462333	1669622045
9	131664143	1670823855
9	132822532	1671982244
9	134100990	1673260702
9	135219326	1674379038
9	136340598	1675500310
9	137507119	1676666831
9	138582593	1677742305
9	139736664	1678896376
10	1	1680373144
10	1221075	1681594218
10	2301201	1682674344
10	3364918	1683738061
10	4416170	1684789313
10	5549152	1685922295
10	6664854	1687037997
10	7775387	1688148530
10	8847331	1689220474
10	9912037	1690285180
10	10992058	1691365201
10	12083582	1692456725
10	13252021	1693625164
10	14357102	1694730245
10	15501296	1695874439
10	16608376	1696981519
10	17712661	1698085804
10	19247547	1699620690
10	20343271	1700716414
10	21456238	1701829381
10	22606594	1702979737
10	23704834	1704077977
10	24818018	1705191161
10	25935894	1706309037
10	27068175	1707441318
10	28228852	1708601995
10	29340112	1709713255
10	30456090	1710829233
10	31603420	1711976563
10	32741014	1713114157
10	33889293	1714262436
10	34968648	1715341791
10	36099479	1716472622
10	37235644	1717608787
10	38494140	1718867283
10	43445746	1723818889
10	44555337	1724928480
10	45680053	1726053196
10	48516980	1728890123
10	50254619	1730627762
10	52093892	1732467035
10	53244585	1733617728
10	54329692	1734702835
10	55420729	1735793872
10	56514702	1736887845
10	57595518	1737968661
10	58684725	1739057868
10	59768237	1740141380
10	60867698	1741240841
10	61969215	1742342358
10	63029192	1743402335
10	64091317	1744464460
10	65200333	1745573476
10	66303924	1746677067
10	67397072	1747770215
10	68478700	1748851843
10	69625004	1749998147
10	70815212	1751188355
10	71904135	1752277278
10	72994038	1753367181
10	74086940	1754460083
10	75257906	1755631049
10	76442672	1756815815
10	77552488	1757925631
10	78638338	1759011481
10	79693924	1760067067
10	80759732	1761132875
10	82121594	1762494737
10	83230019	1763603162
10	84309875	1764683018
10	85382585	1765755728
10	86497259	1766870402
10	87595794	1767968937
10	88692110	1769065253
10	90105131	1770478274
10	91179776	1771552919
10	92287306	1772660449
10	93399884	1773773027
10	94567540	1774940683
10	95671876	1776045019
10	96874132	1777247275
10	97995981	1778369124
10	99096465	1779469608
10	100205017	1780578160
10	101353720	1781726863
10	102517474	1782890617
10	103612585	1783985728
10	104790478	1785163621
10	105903085	1786276228
10	106965053	1787338196
10	108060387	1788433530
10	109138444	1789511587
10	110203783	1790576926
10	111314179	1791687322
10	112432563	1792805706
10	113503525	1793876668
10	114590505	1794963648
10	115653709	1796026852
10	116732741	1797105884
10	117830882	1798204025
10	118916501	1799289644
10	119969689	1800342832
10	121080798	1801453941
10	122188462	1802561605
10	123270791	1803643934
10	124389764	1804762907
10	125452832	1805825975
10	126581955	1806955098
10	127692635	1808065778
10	128921181	1809294324
10	129981560	1810354703
10	131019795	1811392938
10	132071352	1812444495
10	133134325	1813507468
10	134314868	1814688011
11	1	1815907891
11	1375473	1817283363
11	2465383	1818373273
11	3760339	1819668229
11	5002914	1820910804
11	6123975	1822031865
11	7234550	1823142440
11	8338191	1824246081
11	9485781	1825393671
11	10632639	1826540529
11	11689076	1827596966
11	12760868	1828668758
11	13866064	1829773954
11	15020707	1830928597
11	16056016	1831963906
11	17171789	1833079679
11	18263298	1834171188
11	19418394	1835326284
11	20482498	1836390388
11	21564914	1837472804
11	22654483	1838562373
11	23764096	1839671986
11	24843427	1840751317
11	25968130	1841876020
11	27053776	1842961666
11	28148594	1844056484
11	29243596	1845151486
11	30343229	1846251119
11	31404824	1847312714
11	32488645	1848396535
11	33639262	1849547152
11	34733876	1850641766
11	35823064	1851730954
11	36906013	1852813903
11	37980026	1853887916
11	39064080	1854971970
11	40202485	1856110375
11	41280507	1857188397
11	42361034	1858268924
11	43495221	1859403111
11	44577525	1860485415
11	45633591	1861541481
11	46754635	1862662525
11	47946170	1863854060
11	49502330	1865410220
11	51388600	1867296490
11	55895443	1871803333
11	57008430	1872916320
11	58154651	1874062541
11	59307733	1875215623
11	60453493	1876361383
11	61605313	1877513203
11	62811693	1878719583
11	64044579	1879952469
11	65175974	1881083864
11	66325646	1882233536
11	67539284	1883447174
11	68817031	1884724921
11	70004388	1885912278
11	71097667	1887005557
11	72406068	1888313958
11	73531321	1889439211
11	74671665	1890579555
11	75780946	1891688836
11	76875916	1892783806
11	78049323	1893957213
11	79114284	1895022174
11	80171631	1896079521
11	81243486	1897151376
11	82328000	1898235890
11	83444267	1899352157
11	84513577	1900421467
11	85628715	1901536605
11	86766390	1902674280
11	87939719	1903847609
11	89222866	1905130756
11	90723678	1906631568
11	91812497	1907720387
11	92889389	1908797279
11	94029677	1909937567
11	95127612	1911035502
11	96208960	1912116850
11	97457620	1913365510
11	98554554	1914462444
11	99630542	1915538432
11	100739774	1916647664
11	101860837	1917768727
11	102981229	1918889119
11	104073941	1919981831
11	105140969	1921048859
11	106200296	1922108186
11	107294861	1923202751
11	108458818	1924366708
11	109565746	1925473636
11	110675347	1926583237
11	111738645	1927646535
11	112834958	1928742848
11	113917930	1929825820
11	114994677	1930902567
11	116043879	1931951769
11	117146272	1933054162
11	118223795	1934131685
11	119379676	1935287566
11	120431569	1936339459
11	121500896	1937408786
11	122607111	1938515001
11	123717757	1939625647
11	124806199	1940714089
11	125912349	1941820239
11	126974290	1942882180
11	128055015	1943962905
11	129108095	1945015985
11	130254292	1946162182
11	131330396	1947238286
11	132381953	1948289843
11	133417180	1949325070
12	1	1950914407
12	1302081	1952216487
12	2386826	1953301232
12	3468384	1954382790
12	4565921	1955480327
12	5628027	1956542433
12	6755660	1957670066
12	8001769	1958916175
12	9365236	1960279642
12	10661838	1961576244
12	11817741	1962732147
12	12941578	1963855984
12	14016936	1964931342
12	15138102	1966052508
12	16202399	1967116805
12	17274293	1968188699
12	18391129	1969305535
12	19464442	1970378848
12	20571822	1971486228
12	21697228	1972611634
12	22820145	1973734551
12	23900384	1974814790
12	24949109	1975863515
12	26068524	1976982930
12	27143651	1978058057
12	28270249	1979184655
12	29355978	1980270384
12	30470007	1981384413
12	31680566	1982594972
12	32876403	1983790809
12	34027347	1984941753
12	38358435	1989272841
12	39538516	1990452922
12	40663569	1991577975
12	41736277	1992650683
12	42863130	1993777536
12	43953286	1994867692
12	45056904	1995971310
12	46162096	1997076502
12	47286382	1998200788
12	48398872	1999313278
12	49585135	2000499541
12	50749697	2001664103
12	51936543	2002850949
12	53042315	2003956721
12	54203273	2005117679
12	55350878	2006265284
12	56554327	2007468733
12	57752347	2008666753
12	58904613	2009819019
12	60001679	2010916085
12	61071665	2011986071
12	62203069	2013117475
12	63289927	2014204333
12	64523903	2015438309
12	65667577	2016581983
12	66753642	2017668048
12	67839844	2018754250
12	68925867	2019840273
12	70057709	2020972115
12	71174810	2022089216
12	72252194	2023166600
12	73337039	2024251445
12	74450730	2025365136
12	75537456	2026451862
12	76626920	2027541326
12	77730310	2028644716
12	78803415	2029717821
12	79866348	2030780754
12	81005061	2031919467
12	82071598	2032986004
12	83163711	2034078117
12	84285734	2035200140
12	85353819	2036268225
12	86419493	2037333899
12	87526244	2038440650
12	88639078	2039553484
12	89722545	2040636951
12	90783615	2041698021
12	91851764	2042766170
12	92919525	2043833931
12	94050554	2044964960
12	95145018	2046059424
12	96298080	2047212486
12	97420535	2048334941
12	98514592	2049428998
12	99611876	2050526282
12	100733340	2051647746
12	101847572	2052761978
12	102961776	2053876182
12	104058767	2054973173
12	105166099	2056080505
12	106279001	2057193407
12	107368895	2058283301
12	108457762	2059372168
12	109595930	2060510336
12	110719148	2061633554
12	111880666	2062795072
12	113092764	2064007170
12	114179822	2065094228
12	115257643	2066172049
12	116312850	2067227256
12	117413986	2068328392
12	118525064	2069439470
12	119649919	2070564325
12	120794022	2071708428
12	121983427	2072897833
12	123273817	2074188223
12	124449247	2075363653
12	125545878	2076460284
12	126629898	2077544304
12	127711671	2078626077
12	128781509	2079695915
12	129892697	2080807103
12	130964514	2081878920
12	132105303	2083019709
13	1	2084766302
13	20636303	2105402604
13	21759098	2106525399
13	22875463	2107641764
13	24022226	2108788527
13	25187597	2109953898
13	26326110	2111092411
13	27413620	2112179921
13	28497522	2113263823
13	29607377	2114373678
13	30703021	2115469322
13	31794062	2116560363
13	32895007	2117661308
13	33973488	2118739789
13	35045686	2119811987
13	36142576	2120908877
13	37215629	2121981930
13	38293882	2123060183
13	39376169	2124142470
13	40452856	2125219157
13	41587256	2126353557
13	42720797	2127487098
13	43816546	2128582847
13	44881598	2129647899
13	46011493	2130777794
13	47139209	2131905510
13	48217762	2132984063
13	49365954	2134132255
13	50494534	2135260835
13	51589411	2136355712
13	52702131	2137468432
13	53995121	2138761422
13	55063067	2139829368
13	56136577	2140902878
13	57209052	2141975353
13	58309758	2143076059
13	59380455	2144146756
13	60452148	2145218449
13	61545631	2146311932
13	62615159	2147381460
13	63674441	2148440742
13	64817975	2149584276
13	65875607	2150641908
13	66948276	2151714577
13	68002667	2152768968
13	69074891	2153841192
13	70134507	2154900808
13	71203602	2155969903
13	72247129	2157013430
13	73311493	2158077794
13	74407664	2159173965
13	75477195	2160243496
13	76567212	2161333513
13	77647139	2162413440
13	78735360	2163501661
13	79803002	2164569303
13	80918842	2165685143
13	82004443	2166770744
13	83088912	2167855213
13	84143717	2168910018
13	85205605	2169971906
13	86268890	2171035191
13	87495299	2172261600
13	88564460	2173330761
13	89620684	2174386985
13	90674540	2175440841
13	91749142	2176515443
13	92824727	2177591028
13	93919089	2178685390
13	94976862	2179743163
13	96088453	2180854754
13	97188267	2181954568
13	98256129	2183022430
13	99384514	2184150815
13	100487951	2185254252
13	101600462	2186366763
13	102671293	2187437594
13	103729909	2188496210
13	104786092	2189552393
13	105844865	2190611166
13	106904371	2191670672
13	107960459	2192726760
13	109023587	2193789888
13	110104883	2194871184
13	111166560	2195932861
13	112263018	2197029319
13	113514305	2198280606
14	1	2199936180
14	21204841	2221141020
14	22377078	2222313257
14	23503977	2223440156
14	24682403	2224618582
14	25801615	2225737794
14	26891349	2226827528
14	27967836	2227904015
14	29102209	2229038388
14	30181567	2230117746
14	31281531	2231217710
14	32444219	2232380398
14	33539487	2233475666
14	34594760	2234530939
14	35831823	2235768002
14	36958863	2236895042
14	38054931	2237991110
14	39160325	2239096504
14	40329125	2240265304
14	41428244	2241364423
14	42511855	2242448034
14	43605891	2243542070
14	44708282	2244644461
14	45845789	2245781968
14	46987299	2246923478
14	48059021	2247995200
14	49185287	2249121466
14	50308838	2250245017
14	51439719	2251375898
14	52525581	2252461760
14	53670356	2253606535
14	54770507	2254706686
14	55884391	2255820570
14	56986515	2256922694
14	58102008	2258038187
14	59229925	2259166104
14	60319027	2260255206
14	61452316	2261388495
14	62545670	2262481849
14	63646247	2263582426
14	64784800	2264720979
14	65913596	2265849775
14	67016958	2266953137
14	68147305	2268083484
14	69227761	2269163940
14	70324126	2270260305
14	71447179	2271383358
14	72566790	2272502969
14	73671296	2273607475
14	74876237	2274812416
14	75987881	2275924060
14	77061847	2276998026
14	78194932	2278131111
14	79264539	2279200718
14	80332829	2280269008
14	81425613	2281361792
14	82521567	2282457746
14	83575522	2283511701
14	84629533	2284565712
14	85682008	2285618187
14	86778384	2286714563
14	87861478	2287797657
14	88950036	2288886215
14	90049618	2289985797
14	91154538	2291090717
14	92289901	2292226080
14	93409737	2293345916
14	94495226	2294431405
14	95568391	2295504570
14	96629948	2296566127
14	97696595	2297632774
14	98738702	2298674881
14	99784442	2299720621
14	100867789	2300803968
14	101925184	2301861363
14	103076566	2303012745
14	104221963	2304158142
14	105321632	2305257811
15	1	2307285720
15	23759949	2331045668
15	25086127	2332371846
15	26163250	2333448969
15	27236429	2334522148
15	28293702	2335579421
15	29966210	2337251929
15	31682999	2338968718
15	33274408	2340560127
15	34363914	2341649633
15	35597495	2342883214
15	36666543	2343952262
15	37752768	2345038487
15	38831725	2346117444
15	39919820	2347205539
15	41029541	2348315260
15	42213584	2349499303
15	43350151	2350635870
15	44649159	2351934878
15	45923024	2353208743
15	47015788	2354301507
15	48096185	2355381904
15	49139708	2356425427
15	50257519	2357543238
15	51416335	2358702054
15	52538029	2359823748
15	53633748	2360919467
15	54708854	2361994573
15	55869672	2363155391
15	57013643	2364299362
15	58077661	2365363380
15	59164577	2366450296
15	60288316	2367574035
15	61352319	2368638038
15	62419058	2369704777
15	63502242	2370787961
15	64613722	2371899441
15	65797289	2373083008
15	66916889	2374202608
15	68011413	2375297132
15	69084120	2376369839
15	70163117	2377448836
15	71229534	2378515253
15	72338212	2379623931
15	73488932	2380774651
15	74621926	2381907645
15	75849470	2383135189
15	77023507	2384309226
15	78113954	2385399673
15	79315988	2386601707
15	80412627	2387698346
15	81476672	2388762391
15	83237784	2390523503
15	84374873	2391660592
15	85853883	2393139602
15	86952900	2394238619
15	88067652	2395353371
15	89141551	2396427270
15	90254603	2397540322
15	91422817	2398708536
15	92511371	2399797090
15	93612138	2400897857
15	94717745	2402003464
15	95775552	2403061271
15	96818408	2404104127
15	97883660	2405169379
15	98962236	2406247955
15	100056360	2407342079
16	1	2409817112
16	1216401	2411033512
16	2393204	2412210315
16	3647223	2413464334
16	4802110	2414619221
16	5969166	2415786277
16	7033426	2416850537
16	8092901	2417910012
16	9273312	2419090423
16	10357397	2420174508
16	11493690	2421310801
16	12652609	2422469720
16	13759680	2423576791
16	15181667	2424998778
16	17087571	2426904682
16	18255732	2428072843
16	19916502	2429733613
16	21125561	2430942672
16	22804365	2432621476
16	23926661	2433743772
16	25039576	2434856687
16	26151474	2435968585
16	27238215	2437055326
16	28357938	2438175049
16	30422319	2440239430
16	31651442	2441468553
16	34410500	2444227611
16	46747947	2456565058
16	47896930	2457714041
16	49011438	2458828549
16	50074531	2459891642
16	51145331	2460962442
16	52212147	2462029258
16	53287541	2463104652
16	54388557	2464205668
16	55438989	2465256100
16	56546430	2466363541
16	57657699	2467474810
16	58785217	2468602328
16	59919753	2469736864
16	61018772	2470835883
16	62079641	2471896752
16	63142729	2472959840
16	64216182	2474033293
16	65259607	2475076718
16	66330078	2476147189
16	67461313	2477278424
16	68624000	2478441111
16	69822707	2479639818
16	71465269	2481282380
16	72607831	2482424942
16	73687119	2483504230
16	74904766	2484721877
16	76068480	2485885591
16	77134530	2486951641
16	78215931	2488033042
16	79268817	2489085928
16	80322123	2490139234
16	81417069	2491234180
16	82502748	2492319859
16	83545158	2493362269
16	84639968	2494457079
16	85731120	2495548231
16	86807578	2496624689
16	87908295	2497725406
16	89167475	2498984586
17	1	2500171865
17	1342403	2501514267
17	2535637	2502707501
17	3809909	2503981773
17	4986932	2505158796
17	6142295	2506314159
17	7293932	2507465796
17	8448395	2508620259
17	9589247	2509761111
17	10708924	2510880788
17	11804859	2511976723
17	12912673	2513084537
17	14003912	2514175776
17	15105273	2515277137
17	16470757	2516642621
17	17740235	2517912099
17	19433581	2519605445
17	20917989	2521089853
17	25397063	2525568927
17	26548699	2526720563
17	27702010	2527873874
17	28861005	2529032869
17	30161186	2530333050
17	31404724	2531576588
17	32458593	2532630457
17	33540119	2533711983
17	35019980	2535191844
17	36130866	2536302730
17	37494768	2537666632
17	38658024	2538829888
17	39780844	2539952708
17	40975900	2541147764
17	42174630	2542346494
17	43355125	2543526989
17	45027419	2545199283
17	46297468	2546469332
17	47440382	2547612246
17	48548322	2548720186
17	49677434	2549849298
17	50745490	2550917354
17	51806470	2551978334
17	52923566	2553095430
17	54006439	2554178303
17	55103256	2555275120
17	56185884	2556357748
17	57353867	2557525731
17	58652883	2558824747
17	59789565	2559961429
17	61075126	2561246990
17	62198448	2562370312
17	63507764	2563679628
17	64617599	2564789463
17	65749378	2565921242
17	66950407	2567122271
17	68051238	2568223102
17	69120210	2569292074
17	70189739	2570361603
17	71300982	2571472846
17	72379315	2572551179
17	73545818	2573717682
17	74716466	2574888330
17	75848007	2576019871
17	76977636	2577149500
17	78204839	2578376703
17	79304703	2579476567
18	1	2581367075
18	1222865	2582589939
18	2310559	2583677633
18	3420397	2584787471
18	4510612	2585877686
18	5602662	2586969736
18	6670029	2588037103
18	7781411	2589148485
18	8859385	2590226459
18	9984339	2591351413
18	11095799	2592462873
18	12293361	2593660435
18	13430737	2594797811
18	15062712	2596429786
18	19565830	2600932904
18	20684689	2602051763
18	21793222	2603160296
18	22870951	2604238025
18	23961851	2605328925
18	25042818	2606409892
18	26121552	2607488626
18	27178614	2608545688
18	28230689	2609597763
18	29294450	2610661524
18	30416455	2611783529
18	31486635	2612853709
18	32564704	2613931778
18	33676625	2615043699
18	34768086	2616135160
18	35826719	2617193793
18	36865913	2618232987
18	37933527	2619300601
18	38973382	2620340456
18	40027344	2621394418
18	41105560	2622472634
18	42197010	2623564084
18	43245625	2624612699
18	44353063	2625720137
18	45448136	2626815210
18	46503933	2627871007
18	47620243	2628987317
18	48725675	2630092749
18	49800907	2631167981
18	50860059	2632227133
18	51959078	2633326152
18	53165794	2634532868
18	54246556	2635613630
18	55323287	2636690361
18	56422913	2637789987
18	57538282	2638905356
18	58624885	2639991959
18	59697168	2641064242
18	60793533	2642160607
18	61876585	2643243659
18	62952147	2644319221
18	64001336	2645368410
18	65051900	2646418974
18	66113712	2647480786
18	67179729	2648546803
18	68268569	2649635643
18	69362658	2650729732
18	70413916	2651780990
18	71484083	2652851157
18	72597015	2653964089
18	73632848	2654999922
18	74712173	2656079247
18	75840688	2657207762
18	76914772	2658281846
19	1	2659444323
19	1441012	2660885334
19	2628422	2662072744
19	3829255	2663273577
19	5065113	2664509435
19	6236524	2665680846
19	7587958	2667032280
19	8933961	2668378283
19	10148919	2669593241
19	11386547	2670830869
19	12670787	2672115109
19	13865516	2673309838
19	15126810	2674571132
19	16309277	2675753599
19	17511954	2676956276
19	18735520	2678179842
19	19917112	2679361434
19	21301392	2680745714
19	22600826	2682045148
19	23870956	2683315278
19	28255524	2687699846
19	29360400	2688804722
19	30471791	2689916113
19	31523578	2690967900
19	32566330	2692010652
19	33745175	2693189497
19	34856007	2694300329
19	36009115	2695453437
19	37264809	2696709131
19	38506278	2697950600
19	39722754	2699167076
19	40939754	2700384076
19	42181622	2701625944
19	43447215	2702891537
19	44792543	2704236865
19	46000515	2705444837
19	47197393	2706641715
19	48480651	2707924973
19	49726441	2709170763
19	50978541	2710422863
19	52116379	2711560701
19	53324048	2712768370
19	54620276	2714064598
19	55988348	2715432670
19	57151242	2716595564
20	1	2718573306
20	1173785	2719747090
20	2263831	2720837136
20	3397638	2721970943
20	4537320	2723110625
20	5692564	2724265869
20	6774296	2725347601
20	7838120	2726411425
20	8903925	2727477230
20	9961975	2728535280
20	11014425	2729587730
20	12066314	2730639619
20	13162045	2731735350
20	14278455	2732851760
20	15345095	2733918400
20	16390269	2734963574
20	17472125	2736045430
20	18594048	2737167353
20	19675799	2738249104
20	20747293	2739320598
20	21825599	2740398904
20	22925792	2741499097
20	24077180	2742650485
20	25153061	2743726366
20	29983092	2748556397
20	31133337	2749706642
20	32274229	2750847534
20	33453865	2752027170
20	34627008	2753200313
20	35860299	2754433604
20	36932707	2755506012
20	38020764	2756594069
20	39087203	2757660508
20	40158242	2758731547
20	41232938	2759806243
20	42336816	2760910121
20	43446517	2762019822
20	44576024	2763149329
20	45627715	2764201020
20	46790357	2765363662
20	47911318	2766484623
20	49034574	2767607879
20	50143095	2768716400
20	51281748	2769855053
20	52394427	2770967732
20	53485843	2772059148
20	54585232	2773158537
20	55700965	2774274270
20	56744627	2775317932
20	57804042	2776377347
20	58854085	2777427390
20	59903168	2778476473
20	60971878	2779545183
21	1	2781598826
21	15764762	2797363587
21	16841317	2798440142
21	17924321	2799523146
21	19076260	2800675085
21	20164723	2801763548
21	21232752	2802831577
21	22292184	2803891009
21	23347386	2804946211
21	24423203	2806022028
21	25481929	2807080754
21	26545040	2808143865
21	27631464	2809230289
21	28695037	2810293862
21	29863370	2811462195
21	30961725	2812560550
21	32014766	2813613591
21	33116211	2814715036
21	34242926	2815841751
21	35363032	2816961857
21	36421676	2818020501
21	37497739	2819096564
21	38642474	2820241299
21	39707915	2821306740
21	40778047	2822376872
21	41864704	2823463529
21	42940540	2824539365
21	44056165	2825654990
21	45256737	2826855562
21	46359223	2827958048
22	1	2829728721
22	18292461	2848021181
22	19671868	2849400588
22	21215162	2850943882
22	22842321	2852571041
22	24042247	2853770967
22	25332509	2855061229
22	26540085	2856268805
22	27602989	2857331709
22	28721951	2858450671
22	29912843	2859641563
22	31041523	2860770243
22	32236218	2861964938
22	33412558	2863141278
22	34514905	2864243625
22	35625883	2865354603
22	36755685	2866484405
22	37844297	2867573017
22	39041922	2868770642
22	40190015	2869918735
22	41336766	2871065486
22	42555319	2872284039
22	43733310	2873462030
22	44821949	2874550669
22	45947650	2875676370
22	47041946	2876770666
22	48112549	2877841269
22	49164178	2878892898
23	1	2881033287
23	1768256	2882801542
23	3069344	2884102630
23	4330181	2885363467
23	5418095	2886451381
23	6500722	2887534008
23	7612630	2888645916
23	8787842	2889821128
23	9879028	2890912314
23	11023238	2892056524
23	12109142	2893142428
23	13218597	2894251883
23	14325986	2895359272
23	15432590	2896465876
23	16550892	2897584178
23	17675265	2898708551
23	18787157	2899820443
23	19913555	2900946841
23	21029728	2902063014
23	22137593	2903170879
23	23225014	2904258300
23	24422740	2905456026
23	25539004	2906572290
23	26650198	2907683484
23	27746118	2908779404
23	28846359	2909879645
23	29919810	2910953096
23	31039187	2912072473
23	32117838	2913151124
23	33186507	2914219793
23	34257974	2915291260
23	35350712	2916383998
23	36442877	2917476163
23	37651966	2918685252
23	38721151	2919754437
23	39786143	2920819429
23	40915440	2921948726
23	42074184	2923107470
23	43186304	2924219590
23	44280925	2925314211
23	45445908	2926479194
23	46603682	2927636968
23	47775186	2928808472
23	49141784	2930175070
23	50497332	2931530618
23	51725713	2932758999
23	53705198	2934738484
23	54979295	2936012581
23	56284505	2937317791
23	57600366	2938633652
23	61995964	2943029250
23	63323610	2944356896
23	64581002	2945614288
23	65796771	2946830057
23	66989704	2948022990
23	68160140	2949193426
23	69289499	2950322785
23	70508598	2951541884
23	71817579	2952850865
23	73329833	2954363119
23	74551426	2955584712
23	75875966	2956909252
23	77198485	2958231771
23	78381002	2959414288
23	79531086	2960564372
23	80724104	2961757390
23	81855840	2962889126
23	82997039	2964030325
23	84113039	2965146325
23	85279131	2966312417
23	86406818	2967440104
23	87522232	2968555518
23	88993993	2970027279
23	91456735	2972490021
23	93120527	2974153813
23	94226838	2975260124
23	95331062	2976364348
23	96464254	2977497540
23	97583369	2978616655
23	98689406	2979722692
23	99817816	2980851102
23	101006260	2982039546
23	102480521	2983513807
23	103667194	2984700480
23	104808215	2985841501
23	105950188	2986983474
23	107067339	2988100625
23	108181236	2989214522
23	109354743	2990388029
23	110463056	2991496342
23	111582924	2992616210
23	112735848	2993769134
23	113900860	2994934146
23	115076613	2996109899
23	116274352	2997307638
23	117456660	2998489946
23	118609872	2999643158
23	119879591	3000912877
23	121117850	3002151136
23	122244347	3003277633
23	123393834	3004427120
23	124471092	3005504378
23	125604437	3006637723
23	126738852	3007772138
23	127838741	3008872027
23	128977580	3010010866
23	130114966	3011148252
23	131266718	3012300004
23	132387204	3013420490
23	133514754	3014548040
23	134717000	3015750286
23	135957933	3016991219
23	137096683	3018129969
23	138215859	3019249145
23	139372750	3020406036
23	140752716	3021786002
23	141905766	3022939052
23	143000632	3024033918
23	144243669	3025276955
23	145328971	3026362257
23	146456656	3027489942
23	147572288	3028605574
23	148709864	3029743150
23	150000097	3031033383
23	151117945	3032151231
23	152565544	3033598830
24	1	3036303847
24	5586590	3041890436
24	7597988	3043901834
24	8686340	3044990186
24	13845303	3050149149
24	15096580	3051400426
24	16372724	3052676570
24	17528786	3053832632
24	18914578	3055218424
24	21479583	3057783429
24	22889813	3059193659
