bin.chrom	bin.start	bin.end	bin.length	gene.count	cgi.count	dist.telomere	gc.content
chr1	0	12246873	12246874	185	451	12192985	0.50847051455137
chr1	12246874	24687364	12440491	175	207	24635821	0.47705269082578
chr1	24687365	36355143	11667779	182	217	36297124	0.467712416060732
chr1	36355144	47769536	11414393	183	200	47710525	0.45653765281996
chr1	47769537	58820263	11050727	77	95	58767009	0.42442800323354
chr1	58820264	69828444	11008181	55	59	69774012	0.397361924732518
chr1	69828445	80741982	10913538	43	32	80690636	0.366954550960955
chr1	80741983	91903953	11161971	54	57	91844984	0.380232119242661
chr1	91903954	102898325	10994372	68	52	102844175	0.382018596659612
chr1	102898326	114514620	11616295	107	88	114459517	0.392914764595758
chr1	114514621	152712103	38197483	211	243	96595749	0.418039825473314
chr1	152712104	164223982	11511879	286	177	85086087	0.433539108539248
chr1	164223983	175375616	11151634	111	63	73926173	0.398299317111507
chr1	175375617	186374362	10998746	72	63	62929349	0.405999731139937
chr1	186374363	197221919	10847557	26	8	52084303	0.349194449526229
chr1	197221920	208774670	11552751	134	117	40527362	0.431571887199565
chr1	208774671	219641206	10866536	55	66	29663081	0.397509863105719
chr1	219641207	231027050	11385844	96	142	18276412	0.429828512562801
chr1	231027051	242061591	11034541	62	60	7245467	0.405432814542987
chr2	0	10971866	10971867	50	124	10914761	0.434697822159318
chr2	10971867	21884793	10912927	39	48	21832734	0.407204162265877
chr2	21884794	32938994	11054201	110	107	32878489	0.428991243236383
chr2	32938995	43992800	11053806	51	49	43938049	0.395949595317306
chr2	43992801	54861235	10868435	52	61	54810270	0.39590336942827
chr2	54861236	65960021	11098786	56	62	65908187	0.394940114096814
chr2	65960022	77053223	11093202	107	114	76991847	0.414130646951538
chr2	77053224	89074866	12021643	63	58	89011027	0.384925798585367
chr2	89074867	106597713	17522847	95	126	106544269	0.420671550433439
chr2	106597714	119491007	12893294	81	83	119437689	0.404495404540399
chr2	119491008	130378456	10887449	41	95	112876462	0.420384184869277
chr2	130378457	142369021	11990565	63	85	100883927	0.393828840705616
chr2	142369022	153275193	10906172	24	24	89975788	0.37463231252675
chr2	153275194	164205448	10930255	36	39	79044586	0.372989970580458
chr2	164205449	175173305	10967857	58	61	68092591	0.385840663033936
chr2	175173306	186082762	10909457	59	78	57169436	0.376458413361252
chr2	186082763	197005273	10922511	40	27	46253757	0.36176535788294
chr2	197005274	208132321	11127048	84	61	35117942	0.397027420466858
chr2	208132322	219074637	10942316	49	44	24185578	0.38700454960899
chr2	219074638	229992881	10918244	89	102	13259021	0.405667189543133
chr2	229992882	241096111	11103230	108	146	2156364	0.456299537512502
chr3	0	11028048	11028049	60	58	10977610	0.403215718235498
chr3	11028049	22048470	11020422	64	78	21989195	0.416134414797584
chr3	22048471	33016277	10967807	33	41	32953862	0.387794868964871
chr3	33016278	44125302	11109025	78	75	44074098	0.410773941248376
chr3	44125303	55480450	11355148	219	192	55422922	0.457760709855997
chr3	55480451	66482762	11002312	48	58	66430720	0.406236240582224
chr3	66482763	77677437	11194675	31	40	77626303	0.392400895072215
chr3	77677438	88453726	10776289	11	13	88402362	0.352462973512986
chr3	88453727	102631416	14177690	54	31	95443677	0.366556369822744
chr3	102631417	113581799	10950383	53	29	84501123	0.372622247847331
chr3	113581800	124532721	10950922	70	57	73543633	0.394680395953656
chr3	124532722	135831936	11299215	99	122	62247608	0.435502903018292
chr3	135831937	146951898	11119962	58	71	51123640	0.393928805852902
chr3	146951899	157966983	11015085	66	57	40112730	0.381938861908025
chr3	157966984	168881383	10914400	38	23	29191199	0.363824058023641
chr3	168881384	179860302	10978919	43	40	18217223	0.380574919298
chr3	179860303	190937503	11077201	92	87	7141307	0.405095272923812
chr4	0	11814551	11814552	120	343	11753661	0.482981434515159
chr4	11814552	22691966	10877415	34	31	22640009	0.385928097250392
chr4	22691967	33416998	10725032	20	25	33364826	0.373873729372153
chr4	33416999	44436957	11019959	45	53	44384895	0.383574464267366
chr4	44436958	59158847	14721890	61	71	59105464	0.387904449256207
chr4	59158848	70372085	11213238	28	9	70318908	0.352516872881188
chr4	70372086	81650639	11278554	93	65	81590012	0.381109403542656
chr4	81650640	92819768	11169129	59	45	92761171	0.380950502704052
chr4	92819769	103904456	11084688	41	29	87348866	0.36738729880195
chr4	103904457	115036159	11131703	55	52	76172471	0.374409436968973
chr4	115036160	126201339	11165180	44	34	65007746	0.364259629464434
chr4	126201340	137332466	11131127	15	34	53875487	0.355865282634305
chr4	137332467	148532109	11199643	42	52	42675955	0.381056836845736
chr4	148532110	159418648	10886539	47	50	31803712	0.38248569479858
chr4	159418649	170502456	11083808	34	25	20710696	0.367367411439681
chr4	170502457	181319090	10816634	28	35	9889598	0.365081047161926
chr5	0	10949603	10949604	61	205	10895840	0.438911858674467
chr5	10949604	22271814	11322211	19	30	22219256	0.381003706336629
chr5	22271815	33168085	10896271	16	14	33107768	0.362759890124236
chr5	33168086	44591495	11423410	67	59	44532313	0.3901139180323
chr5	44591496	58888294	14296799	44	43	58837435	0.380893716204853
chr5	58888295	71844453	12956159	64	53	71791859	0.38973590393491
chr5	71844454	83035282	11190829	75	82	82980703	0.398983043991695
chr5	83035283	94006851	10971569	26	34	86962188	0.361156567392166
chr5	94006852	105163897	11157046	34	26	75803092	0.364456818784776
chr5	105163898	116111567	10947670	39	40	64857417	0.37879548302686
chr5	116111568	127130924	11019357	29	35	53851883	0.376359018136649
chr5	127130925	138286611	11155687	99	98	42681616	0.415890724918455
chr5	138286612	149378963	11092352	158	182	31591220	0.414847169809959
chr5	149378964	160445806	11066843	82	77	20524560	0.417945234609494
chr5	160445807	171271506	10825700	33	27	9697158	0.393577881578035
chr6	0	11159985	11159986	72	119	11105277	0.422033647143412
chr6	11159986	22189827	11029842	39	48	22126900	0.411575867921789
chr6	22189828	33713054	11523227	328	257	33660717	0.420692859820348
chr6	33713055	44768993	11055939	157	183	44701711	0.459042080686112
chr6	44768994	55721706	10952713	68	43	55668705	0.380059998219408
chr6	55721707	70539054	14817348	18	20	70485685	0.358822891458062
chr6	70539055	81831272	11292218	42	45	81774818	0.37318449341155
chr6	81831273	93077252	11245980	51	45	78090577	0.384457937099791
chr6	93077253	104090156	11012904	25	47	67082335	0.358111174566748
chr6	104090157	115209972	11119816	61	72	55958324	0.395665605879888
chr6	115209973	126221553	11011581	49	38	44947611	0.371066812402583
chr6	126221554	137141138	10919585	62	46	34029248	0.379035425331292
chr6	137141139	148019993	10878855	52	53	23147137	0.382181493349674
chr6	148019994	159172603	11152610	55	70	12002087	0.410630295226353
chr6	159172604	170220401	11047798	69	129	949361	0.425389741860498
chr7	0	11644078	11644079	91	383	11589427	0.446745276894895
chr7	11644079	22440480	10796402	34	37	22387937	0.367943702181687
chr7	22440481	33620855	11180375	94	118	33559165	0.411484930943971
chr7	33620856	44802844	11181989	64	71	44741501	0.408597940178276
chr7	44802845	55955466	11152622	45	60	55888767	0.404803567836628
chr7	55955467	73630106	17674640	97	163	73565977	0.432177142322613
chr7	73630107	86112630	12482524	61	76	73080501	0.376566965836473
chr7	86112631	97186681	11074051	67	54	62011822	0.375497845096029
chr7	97186682	109292882	12106201	164	168	49904654	0.428173201917494
chr7	109292883	120142343	10849461	33	22	39047623	0.364753494118402
chr7	120142344	131313611	11171268	89	86	27884455	0.390719240117605
chr7	131313612	142508684	11195073	79	50	16687337	0.414518306407781
chr7	142508685	154781186	12272502	123	135	4408892	0.417848873866884
chr8	0	12753014	12753015	105	194	12699113	0.426610950463898
chr8	12753015	23568683	10815669	70	77	23516777	0.407459760806253
chr8	23568684	34523366	10954683	63	64	34471320	0.407193634864768
chr8	34523367	48893341	14369975	67	75	48836317	0.415390818086979
chr8	48893342	59979591	11086250	39	60	59928223	0.392657048195376
chr8	59979592	71022121	11042530	45	51	70963437	0.386472242245605
chr8	71022122	82000639	10978518	40	45	64417247	0.376650412757326
chr8	82000640	93312251	11311612	43	43	53104787	0.365823252198252
chr8	93312252	104439140	11126889	74	75	41979472	0.404523938048837
chr8	104439141	115254854	10815714	21	22	31165134	0.360149996839617
chr8	115254855	126170414	10915560	50	41	20246636	0.391431262654068
chr8	126170415	136996583	10826169	36	25	9420251	0.414175099986548
chr9	0	11159546	11159547	46	58	11107685	0.387618056195589
chr9	11159547	22165401	11005855	56	52	22112650	0.382624535615502
chr9	22165402	33150339	10984938	27	28	33096172	0.36726638069297
chr9	33150340	75774373	42624034	166	227	65491335	0.421026384744956
chr9	75774374	86851781	11077408	35	35	54416145	0.3888545005035
chr9	86851782	98446462	11594681	90	99	42819972	0.431340117484866
chr9	98446463	109663533	11217071	82	89	31601416	0.398596628959019
chr9	109663534	120588553	10925020	79	81	20675225	0.418140347790549
chr9	120588554	131664141	11075588	134	157	9615099	0.442039223640844
chr10	0	10992056	10992057	52	108	10938141	0.417482536205542
chr10	10992057	22606592	11614536	66	66	22551197	0.410428942395241
chr10	22606593	33889291	11282699	59	65	33835919	0.40657314090206
chr10	33889292	52093890	18204599	105	138	52041630	0.423437896444781
chr10	52093891	63029190	10935300	25	26	62974853	0.36633879939189
chr10	63029191	74086938	11057748	68	75	61509552	0.412195601529127
chr10	74086939	85382583	11295645	69	67	50202979	0.419255100826378
chr10	85382584	96874130	11491547	90	74	38727968	0.403948446566855
chr10	96874131	108060385	11186255	145	190	27529376	0.435829793138481
chr10	108060386	118916499	10856114	49	50	16674674	0.402276811260822
chr10	118916500	129981558	11065059	82	95	5608562	0.44202245141313
chr11	0	11689074	11689075	270	281	11638386	0.455438000953401
chr11	11689075	22654481	10965407	70	80	22600151	0.410468032197816
chr11	22654482	33639260	10984779	42	47	33586337	0.374675848268151
chr11	33639261	44577523	10938263	38	42	44522334	0.390059949654355
chr11	44577524	60453491	15875968	196	117	60398577	0.414527103534016
chr11	60453492	72406066	11952575	320	380	62652255	0.498419809019148
chr11	72406067	83444265	11038199	82	95	51615170	0.417517005581818
chr11	83444266	95127610	11683345	66	61	39930622	0.382175189069877
chr11	95127611	106200294	11072684	45	21	28858959	0.368514125559855
chr11	106200295	117146270	10945976	84	63	17918788	0.411397019623268
chr11	117146271	128055013	10908743	144	115	7009598	0.44022689575337
chr12	0	11817739	11817740	199	145	11759448	0.435938441930323
chr12	11817740	22820143	11002404	70	43	22767263	0.38287306037853
chr12	22820144	34027345	11207202	51	47	33968725	0.388456623077061
chr12	34027346	48398870	14371525	43	57	48347169	0.384945723152431
chr12	48398871	60001677	11602807	292	272	59948286	0.445194454893331
chr12	60001678	71174808	11173131	58	46	62734283	0.385063566044883
chr12	71174809	82071596	10896788	39	29	51837947	0.365135364219384
chr12	82071597	92919523	10847927	30	15	40984026	0.360087810607001
chr12	92919524	104058765	11139242	74	63	29852076	0.398780519659756
chr12	104058766	115257641	11198876	113	140	18654201	0.446462500619553
chr12	115257642	126629896	11372255	116	176	7274484	0.456778179028561
chr13	0	30703019	30703020	77	141	30650254	0.417899727241599
chr13	30703020	41587254	10884235	56	52	41534276	0.391214216648411
chr13	41587255	52702129	11114875	81	67	52643834	0.401656078254515
chr13	52702130	63674439	10972310	24	30	51548650	0.359392571675772
chr13	63674440	74407662	10733223	11	10	40814781	0.350508346370964
chr13	74407663	85205603	10797941	21	25	30016344	0.365532616587999
chr13	85205604	96088451	10882848	20	19	19142054	0.358987581664159
chr13	96088452	106904369	10815918	43	44	8322955	0.392758885814191
chr14	0	31281529	31281530	159	119	31229156	0.392945834713756
chr14	31281530	42511853	11230324	48	64	42459293	0.382762275050442
chr14	42511854	53670354	11158501	52	45	53611911	0.373016767131799
chr14	53670355	64784798	11114444	68	81	42623813	0.397658557350397
chr14	64784799	75987879	11203081	109	109	31415670	0.428722196735223
chr14	75987880	86778382	10790503	40	47	20624326	0.392940198459607
chr14	86778383	97696593	10918211	89	85	9707297	0.431893431800131
chr15	0	35597493	35597494	174	145	35541480	0.419934014882304
chr15	35597494	47015786	11418293	136	126	46964738	0.411211320682597
chr15	47015787	58077659	11061873	69	62	44504934	0.391701817351807
chr15	58077660	69084118	11006459	97	108	33504400	0.429346918545949
chr15	69084119	80412625	11328507	134	135	22173611	0.447340764444766
chr15	80412626	92511369	12098744	112	136	10072473	0.431660048110539
chr16	0	11493688	11493689	240	483	11438098	0.481786538576516
chr16	11493689	25039574	13545886	122	136	24983089	0.443145696062759
chr16	25039575	50074529	25034955	169	260	40336636	0.445855200677896
chr16	50074530	61018770	10944241	94	99	29392615	0.424913779260884
chr16	61018771	72607829	11589059	143	137	17809467	0.420310320407106
chr16	72607830	83545156	10937327	52	61	6863640	0.423121230832358
chr17	0	11804857	11804858	264	305	11742346	0.474510808174297
chr17	11804858	27702008	15897151	168	205	27637848	0.446349086045158
chr17	27702009	39780842	12078834	240	198	39719888	0.448683865291798
chr17	39780843	51806468	12025626	241	317	29441882	0.455725911054561
chr17	51806469	63507762	11701294	123	124	17743127	0.422223260908156
chr17	63507763	74716464	11208702	136	144	6535426	0.442722073710199
chr18	0	11095797	11095798	53	70	11038096	0.404376715425577
chr18	11095798	26121550	15025753	61	93	26067716	0.409831915214255
chr18	26121551	36865911	10744361	42	41	36811034	0.381428957615253
chr18	36865912	47620241	10754330	41	50	30512106	0.402180906580023
chr18	47620242	58624883	11004642	43	53	19506097	0.397812726345177
chr18	58624884	69362656	10737773	34	26	8769207	0.369892163067337
chr19	0	12670785	12670786	388	953	12607377	0.521753693352214
chr19	12670786	28255522	15584737	258	409	28204190	0.469021936695834
chr19	28255523	39722752	11467230	173	281	19466706	0.461999949318214
chr19	39722753	52116377	12393625	457	600	7065799	0.493481051513287
chr20	0	11014423	11014424	120	131	10963037	0.421442312377081
chr20	11014424	21825597	10811174	49	53	21774217	0.405990696733994
chr20	21825598	36932705	15107108	165	166	26147639	0.456572844475316
chr20	36932706	47911316	10978611	123	119	15171739	0.446582185786255
chr20	47911317	58854083	10942767	79	103	4223051	0.444158034101464
chr21	0	25481927	25481928	34	45	22699979	0.362104517714677
chr21	25481928	36421674	10939747	105	60	11759932	0.39682298764604
chr21	36421675	47430138	11008464	124	222	753822	0.462095929633425
chr22	0	29912841	29912842	203	251	21451374	0.472600447389284
chr22	29912842	41336764	11423923	170	179	10029167	0.469974321126438
chrX	0	12109140	12109141	53	129	12056465	0.414701532798634
chrX	12109141	23225012	11115872	69	49	23170450	0.401244346631082
chrX	23225013	34257972	11032960	35	32	34204891	0.375499564664334
chrX	34257973	45445906	11187934	40	66	45393097	0.399005369842395
chrX	45445907	61995962	16550056	182	139	61939395	0.416452132228461
chrX	61995963	74551424	12555462	96	80	74480366	0.406870314711272
chrX	74551425	86406816	11855392	37	22	68926949	0.370776662605954
chrX	86406817	99817814	13410998	12	9	55517778	0.364240328140951
chrX	99817815	111582922	11765108	107	70	43747674	0.395064428535433
chrX	111582923	123393832	11810910	72	69	31929974	0.388372027321191
chrX	123393833	134716998	11323166	67	63	20605268	0.389213655645005
chrX	134716999	146456654	11739656	74	40	8868967	0.384692914989024
chrY	0	22889811	22889812	64	163	22831700	0.393031930320618
