bin.chrom	bin.start	bin.end	bin.length	gene.count	cgi.count	dist.telomere	gc.content
chr1	0	3146713	3146714	87	247	3095869	0.573599393300309
chr1	3146714	5438635	2291922	16	55	5385945	0.502384807507745
chr1	5438636	7622683	2184048	22	49	7569546	0.500245295226522
chr1	7622684	9934062	2311379	22	48	9876920	0.472694245594656
chr1	9934063	12246873	2312811	38	52	12192985	0.493428831127615
chr1	12246874	15303906	3057033	36	16	15249494	0.448348655588721
chr1	15303907	17893938	2590032	50	77	17836607	0.494644487081664
chr1	17893939	20033344	2139406	21	34	19977212	0.49314387828739
chr1	20033345	22345438	2312094	30	38	22261048	0.46998874988643
chr1	22345439	24687364	2341926	38	42	24635821	0.479137683284693
chr1	24687365	27061300	2373936	42	48	27005314	0.476474471325058
chr1	27061301	29489650	2428350	56	61	29428417	0.469962114607456
chr1	29489651	31831888	2342238	14	19	31776301	0.477525650015627
chr1	31831889	34130568	2298680	49	62	34079087	0.473763646627645
chr1	34130569	36355143	2224575	21	27	36297124	0.440836197727873
chr1	36355144	38577515	2222372	35	40	38524677	0.476441237491762
chr1	38577516	40881512	2303997	29	35	40821320	0.44806060174984
chr1	40881513	43079513	2198001	23	31	43022062	0.447110644468728
chr1	43079514	45305207	2225694	51	56	45246662	0.470302315295754
chr1	45305208	47769536	2464329	45	38	47710525	0.440773465093715
chr1	47769537	49955027	2185491	10	19	49900890	0.428172757149269
chr1	49955028	52230390	2275363	9	18	52176544	0.39694070341216
chr1	52230391	54485768	2255378	33	31	54427661	0.447459664257317
chr1	54485769	56684440	2198672	19	22	56633467	0.441253443813319
chr1	56684441	58820263	2135823	6	5	58767009	0.408313447535634
chr1	58820264	61003973	2183710	10	12	60943840	0.400826185466318
chr1	61003974	63232519	2228546	8	12	63163736	0.403565510265581
chr1	63232520	65397487	2164968	12	8	65343955	0.402833465350389
chr1	65397488	67613577	2216090	15	17	67559522	0.385899220119539
chr1	67613578	69828444	2214867	10	10	69774012	0.393685242460766
chr1	69828445	72022729	2194285	11	8	71966021	0.3684729561841
chr1	72022730	74154560	2131831	0	1	74100615	0.349773408683633
chr1	74154561	76368556	2213996	15	10	76312351	0.367834446644027
chr1	76368557	78551289	2182733	12	11	78496160	0.386490267196219
chr1	78551290	80741982	2190693	5	2	80690636	0.362201676096793
chr1	80741983	82889953	2147971	1	1	82837804	0.361938941132259
chr1	82889954	85242351	2352398	11	10	85189920	0.374240454761914
chr1	85242352	87485817	2243466	19	17	87429854	0.387335547930671
chr1	87485818	89642225	2156408	10	10	89583546	0.384998503689959
chr1	89642226	91903953	2261728	13	19	91844984	0.3926471486985
chr1	91903954	94187445	2283492	24	19	94134897	0.401852469391086
chr1	94187446	96381244	2193799	15	13	96328811	0.404350822159236
chr1	96381245	98540393	2159149	3	4	98489786	0.361877072225363
chr1	98540394	100728602	2188209	15	8	100671008	0.371740600186655
chr1	100728603	102898325	2169723	11	8	102844175	0.37027201933572
chr1	102898326	105485195	2586870	9	1	105425669	0.34974562447598
chr1	105485196	107642727	2157532	1	2	107588936	0.349748769574252
chr1	107642728	110042672	2399945	29	28	109988937	0.404872939246696
chr1	110042673	112239655	2196983	45	32	112181389	0.436707943320971
chr1	112239656	114514620	2274965	23	25	114459517	0.423498546360892
chr1	114514621	116714538	2199918	18	15	116659118	0.412404069508789
chr1	116714539	118920539	2206001	17	14	118864522	0.412057983321425
chr1	118920540	145073280	26152741	33	41	104235915	0.40302416334226
chr1	145073281	150360467	5287187	71	132	98953077	0.42341534642941
chr1	150360468	152712103	2351636	72	41	96595749	0.439297564764686
chr1	152712104	155020904	2308801	82	42	94284589	0.457593952143481
chr1	155020905	157387341	2366437	83	77	91919592	0.48029845027636
chr1	157387342	159630533	2243192	38	8	89681344	0.395556482648321
chr1	159630534	162023722	2393189	70	42	87278996	0.443621487959495
chr1	162023723	164223982	2200260	13	8	85086087	0.390625169668583
chr1	164223983	166418111	2194129	13	14	82898067	0.414574853251088
chr1	166418112	168613220	2195109	24	22	80689261	0.409320861869714
chr1	168613221	170830848	2217628	21	8	78479591	0.383076418410833
chr1	170830849	173058452	2227604	21	8	76253052	0.38751785867083
chr1	173058453	175375616	2317164	32	11	73926173	0.397006593355071
chr1	175375617	177517381	2141765	6	5	71785954	0.406268646733125
chr1	177517382	179789869	2272488	16	14	69513191	0.406291415026702
chr1	179789870	181991144	2201275	15	20	67317661	0.42016614586643
chr1	181991145	184174927	2183783	22	15	65129518	0.413842883309422
chr1	184174928	186374362	2199435	13	9	62929349	0.383429564764005
chr1	186374363	188541479	2167117	3	1	60764559	0.35595101626656
chr1	188541480	190680265	2138786	2	0	58624393	0.338851814490851
chr1	190680266	192833874	2153609	5	1	56473350	0.348600542665877
chr1	192833875	194991503	2157629	6	3	54310961	0.356537763050149
chr1	194991504	197221919	2230416	10	3	52084303	0.346031111157705
chr1	197221920	199358298	2136379	9	8	49947725	0.361083870539482
chr1	199358299	201572945	2214647	19	26	47730769	0.431228352970861
chr1	201572946	203894966	2322021	42	31	45417613	0.465565770311517
chr1	203894967	206572389	2677423	37	33	42958274	0.468533218863524
chr1	206572390	208774670	2202281	27	19	40527362	0.431448223312441
chr1	208774671	210930500	2155830	16	13	38372107	0.414881326821083
chr1	210930501	213224894	2294394	25	24	36086447	0.423620693279895
chr1	213224895	215379609	2154715	6	17	33928459	0.401204694695188
chr1	215379610	217496537	2116928	3	6	31806877	0.371225727671008
chr1	217496538	219641206	2144669	5	6	29663081	0.376616873061422
chr1	219641207	221849036	2207830	16	18	27453608	0.393886926897337
chr1	221849037	224281500	2432464	14	18	25041308	0.419727170302569
chr1	224281501	226593429	2311929	23	27	22709537	0.426522297394938
chr1	226593430	228867350	2273921	28	62	20445909	0.465424437521504
chr1	228867351	231027050	2159700	15	17	18276412	0.443581730697658
chr1	231027051	233210833	2183783	20	14	16094606	0.420488318631935
chr1	233210834	235468561	2257728	11	15	13838424	0.419693146629349
chr1	235468562	237726700	2258139	16	18	11578312	0.417057481502196
chr1	237726701	239886046	2159346	4	2	9415604	0.374283863826312
chr1	239886047	242061591	2175545	11	11	7245467	0.395641262125142
chr1	242061592	244560176	2498585	9	19	4748090	0.40740074473881
chr1	244560177	246815535	2255359	11	19	2494362	0.423511212740898
chr2	0	2211802	2211803	10	48	2156386	0.452220653602808
chr2	2211803	4430143	2218341	8	30	4378633	0.444973154635962
chr2	4430144	6669776	2239633	4	7	6618152	0.394379378899082
chr2	6669777	8762792	2093016	6	8	8710789	0.421318171554294
chr2	8762793	10971866	2209074	22	31	10914761	0.460597752104446
chr2	10971867	13132868	2161002	11	16	13081113	0.428677365894159
chr2	13132869	15310596	2177728	2	1	15259058	0.3726822264998
chr2	15310597	17505087	2194491	4	5	17453270	0.414867567737336
chr2	17505088	19710084	2204997	10	13	19659291	0.391908414614235
chr2	19710085	21884793	2174709	12	13	21832734	0.427885236583855
chr2	21884794	24003775	2118982	2	6	23944746	0.40534045371947
chr2	24003776	26308267	2304492	24	32	26249340	0.433564657577249
chr2	26308268	28534743	2226476	54	47	28478802	0.449886742362661
chr2	28534744	30678031	2143288	15	11	30624866	0.443041577181807
chr2	30678032	32938994	2260963	15	11	32878489	0.413122785340725
chr2	32938995	35170282	2231288	6	3	35116356	0.390031792035444
chr2	35170283	37374828	2204546	8	6	37317703	0.376437007508213
chr2	37374829	39610270	2235442	21	17	39557087	0.40782771750415
chr2	39610271	41771667	2161397	3	4	41715617	0.373224605817046
chr2	41771668	43992800	2221133	13	19	43938049	0.432226853721674
chr2	43992801	46165346	2172546	13	25	46112126	0.416413001001085
chr2	46165347	48369811	2204465	19	17	48315884	0.439664066212752
chr2	48369812	50551387	2181576	8	5	50499780	0.381801694812772
chr2	50551388	52685095	2133708	0	2	52628439	0.355899023311803
chr2	52685096	54861235	2176140	12	12	54810270	0.385739061802936
chr2	54861236	57091061	2229826	15	11	57036250	0.389601290866683
chr2	57091062	59256089	2165028	3	3	59204916	0.361603847232227
chr2	59256090	61446018	2189929	11	12	61390405	0.404228316838945
chr2	61446019	63744460	2298442	12	15	63687508	0.40113652146894
chr2	63744461	65960021	2215561	15	21	65908187	0.418130594077277
chr2	65960022	68140703	2180682	2	8	68089173	0.391211684086267
chr2	68140704	70344703	2204000	26	16	70284477	0.410638106847049
chr2	70344704	72578129	2233426	24	34	72524050	0.444693552515811
chr2	72578130	74852277	2274148	47	44	74797350	0.435450070071616
chr2	74852278	77053223	2200946	8	12	76991847	0.388659821236947
chr2	77053224	79235825	2182602	1	1	79183493	0.352239466929247
chr2	79235826	81376572	2140747	8	4	81324374	0.381896534033738
chr2	81376573	83522109	2145537	1	2	83468513	0.354882495397396
chr2	83522110	85751533	2229424	12	13	85687379	0.40024787391421
chr2	85751534	89074866	3323333	41	38	89011027	0.435362622652244
chr2	89074867	97411853	8336987	32	58	97354464	0.441152151246994
chr2	97411854	100104654	2692801	31	29	100049134	0.429869533185308
chr2	100104655	102340792	2236138	14	14	102283873	0.434104459146547
chr2	102340793	104472728	2131936	10	6	104421068	0.388966427463982
chr2	104472729	106597713	2124985	8	19	106544269	0.409265181124361
chr2	106597714	108972436	2374723	11	11	108916338	0.398990018512968
chr2	108972437	112422953	3450517	28	29	112357506	0.441028340122869
chr2	112422954	115108396	2685443	37	34	115050598	0.423807034769865
chr2	115108397	117280981	2172585	2	2	117228971	0.366571355185086
chr2	117280982	119491007	2210026	3	7	119437689	0.392080274111206
chr2	119491008	121653781	2162774	17	40	121596968	0.455743946939205
chr2	121653782	123829002	2175221	6	8	119422658	0.421937045973766
chr2	123829003	125983907	2154905	1	1	117266973	0.37267206070451
chr2	125983908	128154187	2170280	5	12	115102161	0.404842129113782
chr2	128154188	130378456	2224269	12	34	112876462	0.446725741615122
chr2	130378457	133670546	3292090	40	67	109581261	0.436400137892391
chr2	133670547	135850850	2180304	9	7	107404929	0.410636178683064
chr2	135850851	138085348	2234498	9	8	105175407	0.39794502833773
chr2	138085349	140248941	2163593	4	3	103002551	0.372336676735223
chr2	140248942	142369021	2120080	1	0	100883927	0.351826181879671
chr2	142369022	144489490	2120469	2	1	98761299	0.359129505798132
chr2	144489491	146591584	2102094	3	5	96662282	0.368531958833349
chr2	146591585	148735982	2144398	3	2	94516439	0.365689646556235
chr2	148735983	151060672	2324690	6	8	92195602	0.38714045126135
chr2	151060673	153275193	2214521	10	8	89975788	0.392670000184682
chr2	153275194	155452092	2176899	4	5	87802871	0.370424638867349
chr2	155452093	157614211	2162119	3	8	85642253	0.356819508938231
chr2	157614212	159851880	2237669	10	5	83403065	0.387314152527032
chr2	159851881	162064044	2212164	10	10	81187219	0.389660754047581
chr2	162064045	164205448	2141404	9	11	79044586	0.360730798522098
chr2	164205449	166330271	2124823	8	3	76921340	0.363183120143522
chr2	166330272	168526466	2196195	6	4	74732200	0.361797537100342
chr2	168526467	170736775	2210309	20	14	72522145	0.395054555097912
chr2	170736776	172977327	2240552	15	29	70273681	0.40101615869348
chr2	172977328	175173305	2195978	9	11	68092591	0.408151944134425
chr2	175173306	177375104	2201799	24	51	65876340	0.399786321626148
chr2	177375105	179545799	2170695	17	13	63714238	0.392267060010669
chr2	179545800	181727262	2181463	5	3	61532963	0.369571466685222
chr2	181727263	183891834	2164572	10	8	59360171	0.36692359883905
chr2	183891835	186082762	2190928	3	3	57169436	0.353743619645171
chr2	186082763	188267765	2185003	6	5	54984253	0.357006251946704
chr2	188267766	190435262	2167497	11	2	52816708	0.35673134161357
chr2	190435263	192622060	2186798	17	16	50630480	0.388516753678702
chr2	192622061	194786783	2164723	3	2	48469059	0.34914149731601
chr2	194786784	197005273	2218490	3	2	46253757	0.357430944859714
chr2	197005274	199245751	2240478	17	15	44004422	0.391013016951653
chr2	199245752	201403954	2158203	9	11	41850371	0.382032357672464
chr2	201403955	203734469	2330515	29	18	39528553	0.413765435926195
chr2	203734470	205940541	2206072	10	7	37311473	0.393463619335958
chr2	205940542	208132321	2191780	19	10	35117942	0.404862672448022
chr2	208132322	210417705	2285384	14	16	32833472	0.389976595230469
chr2	210417706	212580369	2162664	9	7	30671498	0.363837068937789
chr2	212580370	214739677	2159308	3	4	28512905	0.355931434163067
chr2	214739678	216933262	2193585	8	4	26322616	0.381082209216051
chr2	216933263	219074637	2141375	15	13	24185578	0.444195440497574
chr2	219074638	221285236	2210599	59	70	21971278	0.461707538184359
chr2	221285237	223409927	2124691	4	11	19843426	0.389876062571258
chr2	223409928	225630717	2220790	12	10	17626172	0.405289402623658
chr2	225630718	227762826	2132109	3	5	15487914	0.379397923178705
chr2	227762827	229992881	2230055	11	6	13259021	0.392065021157684
chr2	229992882	232226388	2233507	17	16	11029508	0.421196894187946
chr2	232226389	234588256	2361868	40	42	8678544	0.464475312043421
chr2	234588257	236769653	2181397	15	14	6481599	0.449253308227879
chr2	236769654	238913147	2143494	13	26	4342616	0.457793501861792
chr2	238913148	241096111	2182964	23	48	2156364	0.488778671241475
chr3	0	2256203	2256204	3	3	2202523	0.368633308613533
chr3	2256204	4456552	2200349	6	4	4398456	0.388274304733049
chr3	4456553	6665319	2208767	5	10	6610434	0.40052512736816
chr3	6665320	8816091	2150772	7	4	8765120	0.394724911540728
chr3	8816092	11028048	2211957	39	37	10977610	0.46392093892202
chr3	11028049	13251644	2223596	17	30	13198080	0.454520948361619
chr3	13251645	15457090	2205446	23	30	15394064	0.475965370406474
chr3	15457091	17630797	2173707	15	9	17577737	0.402097461534061
chr3	17630798	19830687	2199890	2	6	19772982	0.374700120808601
chr3	19830688	22048470	2217783	7	3	21989195	0.373388172877164
chr3	22048471	24281272	2232802	7	6	24224523	0.386473515862526
chr3	24281273	26424584	2143312	5	5	26372534	0.383189388013948
chr3	26424585	28674161	2249577	7	14	28619505	0.383326616052067
chr3	28674162	30816639	2142478	3	1	30766280	0.372276391877415
chr3	30816640	33016277	2199638	11	15	32953862	0.413708433018399
chr3	33016278	35252540	2236263	8	8	35199070	0.38820218382409
chr3	35252541	37444357	2191817	10	7	37389264	0.384449733913398
chr3	37444358	39648674	2204317	30	22	39586100	0.440934045360019
chr3	39648675	41908441	2259767	10	10	41841435	0.405180919066202
chr3	41908442	44125302	2216861	20	28	44074098	0.43510282407817
chr3	44125303	46330015	2204713	32	26	46270291	0.433608154828708
chr3	46330016	48643766	2313751	47	42	48593097	0.46445213947273
chr3	48643767	51007557	2363791	73	73	50951472	0.493977923193537
chr3	51007558	53291877	2284320	58	41	53235013	0.471855495077294
chr3	53291878	55480450	2188573	9	10	55422922	0.424909836707713
chr3	55480451	57698369	2217919	16	21	57639326	0.412696900686318
chr3	57698370	59941674	2243305	13	12	59889453	0.420500460137208
chr3	59941675	62100999	2159325	1	3	62047589	0.393472020160054
chr3	62101000	64236687	2135688	13	14	64185470	0.399449011787374
chr3	64236688	66482762	2246075	5	8	66430720	0.405062810140165
chr3	66482763	68661921	2179159	4	4	68604705	0.391602365505584
chr3	68661922	70838689	2176768	9	8	70786621	0.389262769069572
chr3	70838690	72982320	2143631	8	11	72925818	0.426433722540475
chr3	72982321	75165331	2183011	4	5	75106977	0.388108614462877
chr3	75165332	77677437	2512106	6	12	77626303	0.366597003782565
chr3	77677438	79827189	2149752	1	2	79773587	0.357923320817131
chr3	79827190	81976919	2149730	1	2	81920151	0.353420506774577
chr3	81976920	84124733	2147814	0	1	84071737	0.34645034157354
chr3	84124734	86282675	2157942	2	1	86230520	0.344658557370555
chr3	86282676	88453726	2171051	7	7	88402362	0.359862141029128
chr3	88453727	93801968	5348242	6	4	93743540	0.358072130934409
chr3	93801969	95982673	2180705	1	1	95930763	0.351711660655579
chr3	95982674	98174932	2192259	12	5	98114467	0.35986923317503
chr3	98174933	100408231	2233299	19	12	97674340	0.384243317702498
chr3	100408232	102631416	2223185	16	9	95443677	0.378885506646202
chr3	102631417	104780180	2148764	1	0	93295165	0.349273179762047
chr3	104780181	106948050	2167870	3	4	91126529	0.364978098531563
chr3	106948051	109136960	2188910	20	8	88949980	0.386662760970246
chr3	109136961	111358160	2221200	3	1	86717655	0.367484859646882
chr3	111358161	113581799	2223639	26	16	84501123	0.394712340325918
chr3	113581800	115720389	2138590	10	9	82353611	0.377775448969858
chr3	115720390	117845489	2125100	1	1	80228734	0.369044382994209
chr3	117845490	120061612	2216123	18	14	78018121	0.394603359716902
chr3	120061613	122375493	2313881	26	15	75706639	0.39267469530212
chr3	122375494	124532721	2157228	15	18	73543633	0.439304092785192
chr3	124532722	126866217	2333496	23	38	71207339	0.45729939102705
chr3	126866218	129063935	2197718	28	40	69017156	0.477358570976612
chr3	129063936	131406291	2342356	24	18	66672306	0.413717188448482
chr3	131406292	133653144	2246853	17	14	64422019	0.401600255201164
chr3	133653145	135831936	2178792	7	12	62247608	0.42753910943815
chr3	135831937	138160296	2328360	15	19	59915533	0.407336799801628
chr3	138160297	140368638	2208342	16	20	57710669	0.423319525770055
chr3	140368639	142633004	2264366	16	23	55443202	0.406577520964702
chr3	142633005	144771131	2138127	6	5	53304135	0.378027796113676
chr3	144771132	146951898	2180767	5	4	51123640	0.354382386614448
chr3	146951899	149114007	2162109	11	14	48960874	0.369959079997078
chr3	149114008	151296220	2182213	22	15	46784931	0.395964497355669
chr3	151296221	153513461	2217241	11	3	44562158	0.371965004772681
chr3	153513462	155777639	2264178	8	9	42301041	0.381942559774396
chr3	155777640	157966983	2189344	14	16	40112730	0.389863167640304
chr3	157966984	160196225	2229242	16	10	37880758	0.391620803048819
chr3	160196226	162376165	2179940	8	6	35700323	0.370008987063715
chr3	162376166	164560792	2184627	1	1	33515530	0.34678472390848
chr3	164560793	166738362	2177570	3	0	31338998	0.346905319293587
chr3	166738363	168881383	2143021	10	6	29191199	0.363800456803606
chr3	168881384	171106902	2225519	20	18	26966941	0.397075057585008
chr3	171106903	173293244	2186342	9	9	24781600	0.387157106929179
chr3	173293245	175421987	2128743	1	2	22653337	0.353304013865671
chr3	175421988	177650469	2228482	1	1	20428252	0.381826642891869
chr3	177650470	179860302	2209833	12	10	18217223	0.383511775218271
chr3	179860303	182072880	2212578	6	9	16005052	0.379438995497862
chr3	182072881	184342411	2269531	33	44	13733001	0.434460763505047
chr3	184342412	186614798	2272387	30	18	11472072	0.427804512196554
chr3	186614799	188796856	2182058	12	11	9280770	0.408582398042346
chr3	188796857	190937503	2140647	11	5	7141307	0.375189695377252
chr3	190937504	193110488	2172985	8	6	4963608	0.378940711443868
chr3	193110489	195334394	2223906	18	26	2747023	0.444616968715675
chr3	195334395	198022429	2688035	39	59	226179	0.450416229316581
chr4	0	2358214	2358215	46	173	2303444	0.510921950769459
chr4	2358215	4760095	2401881	25	66	4709460	0.492842235249209
chr4	4760096	6955409	2195314	18	41	6898390	0.4737927783273
chr4	6955410	9498461	2543052	22	49	9386984	0.517012862686199
chr4	9498462	11814551	2316090	9	14	11753661	0.420337345543629
chr4	11814552	13979873	2165322	6	9	13926257	0.384216571477459
chr4	13979874	16157127	2177254	11	7	16105127	0.398100934539143
chr4	16157128	18349207	2192080	11	10	18295439	0.401484693461367
chr4	18349208	20498184	2148977	1	1	20446275	0.365842661614269
chr4	20498185	22691966	2193782	5	4	22640009	0.379995625159721
chr4	22691967	24823280	2131314	6	3	24771488	0.390198949317937
chr4	24823281	27040026	2216746	12	20	26987826	0.418118540968789
chr4	27040027	29167553	2127527	1	0	29113523	0.36345476417727
chr4	29167554	31284738	2117185	1	2	31231775	0.350241578886031
chr4	31284739	33416998	2132260	0	0	33364826	0.347354813510738
chr4	33416999	35549786	2132788	0	0	35498520	0.345491583423857
chr4	35549787	37717504	2167718	5	4	37661094	0.371753451915628
chr4	37717505	39998050	2280546	22	20	39934969	0.415402159058014
chr4	39998051	42253121	2255071	14	27	42195485	0.416984696493489
chr4	42253122	44436957	2183836	4	2	44384895	0.368240430445841
chr4	44436958	46611102	2174145	5	4	46553782	0.355722074398754
chr4	46611103	48806633	2195531	15	14	48751277	0.377519273603149
chr4	48806634	54636061	5829428	14	18	54577185	0.405778321010733
chr4	54636062	56881240	2245179	14	17	56827497	0.402501606568212
chr4	56881241	59158847	2277607	13	18	59105464	0.398000970700189
chr4	59158848	61409439	2250592	0	0	61357650	0.348094531179393
chr4	61409440	63591612	2182173	1	2	63538496	0.354201323508988
chr4	63591613	65788467	2196855	2	1	65736492	0.345052774824789
chr4	65788468	67969888	2181421	2	2	67910856	0.348339132756969
chr4	67969889	70372085	2402197	23	4	70318908	0.366896602135799
chr4	70372086	72641458	2269373	31	6	72585056	0.37306192359317
chr4	72641459	74882898	2241440	15	12	74830001	0.371424729032419
chr4	74882899	77249096	2366198	28	17	77192612	0.389308732685849
chr4	77249097	79483894	2234798	10	16	79430645	0.404758867357235
chr4	79483895	81650639	2166745	9	14	81590012	0.366992765044606
chr4	81650640	83888210	2237571	14	11	83833353	0.391923805864177
chr4	83888211	86118844	2230634	12	16	86056789	0.389335955355471
chr4	86118845	88364918	2246074	10	6	88306752	0.379824960517765
chr4	88364919	90600274	2235356	19	9	90541534	0.3899086145952
chr4	90600275	92819768	2219494	4	3	92761171	0.353759177187646
chr4	92819769	94997013	2177245	2	4	94939580	0.352145965317692
chr4	94997014	97181999	2184986	6	5	94022385	0.369448505754642
chr4	97182000	99422261	2240262	3	2	91788476	0.359763976346813
chr4	99422262	101657849	2235588	21	10	89549317	0.383811051978719
chr4	101657850	103904456	2246607	9	8	87348866	0.371766994611883
chr4	103904457	106151772	2247316	6	7	85056611	0.361886406909584
chr4	106151773	108386252	2234480	10	4	82826657	0.365766783275304
chr4	108386253	110580040	2193788	13	13	80632114	0.391114198498367
chr4	110580041	112828335	2248295	10	15	78384787	0.37529610463577
chr4	112828336	115036159	2207824	16	13	76172471	0.377983691525839
chr4	115036160	117188779	2152620	3	1	74022766	0.349292171840612
chr4	117188780	119394521	2205742	6	7	71861112	0.352245761605611
chr4	119394522	121806955	2412434	13	7	69399016	0.373034449384582
chr4	121806956	124015247	2208292	19	16	67193160	0.379391921056547
chr4	124015248	126201339	2186092	3	3	65007746	0.367333843434817
chr4	126201340	128377151	2175812	2	1	62832238	0.355971911297758
chr4	128377152	130658648	2281497	11	10	60552470	0.385178457343342
chr4	130658649	133011254	2352606	0	19	58195473	0.349667374075163
chr4	133011255	135167052	2155798	2	2	56044608	0.34565894553792
chr4	135167053	137332466	2165414	0	2	53875487	0.342849724917341
chr4	137332467	139457232	2124766	2	1	51754629	0.356561007407383
chr4	139457233	141681691	2224459	15	25	49525460	0.409252293145109
chr4	141681692	143885839	2204148	4	4	47323838	0.372705957677184
chr4	143885840	146328656	2442817	12	10	44892059	0.379151383480881
chr4	146328657	148532109	2203453	9	12	42675955	0.387613542518125
chr4	148532110	150723318	2191209	4	4	40483792	0.379377763847828
chr4	150723319	152931736	2208418	9	9	38274846	0.390774462740287
chr4	152931737	155107245	2175509	14	17	36106075	0.40866839245627
chr4	155107246	157244897	2137652	14	14	33968198	0.372965075828955
chr4	157244898	159418648	2173751	6	6	31803712	0.360642779119558
chr4	159418649	161661421	2242773	8	4	29547776	0.376568460683062
chr4	161661422	163803060	2141639	1	0	27405618	0.345386703742528
chr4	163803061	166066600	2263540	11	9	25147747	0.374627692202038
chr4	166066601	168294834	2228234	7	5	22917130	0.36040242507239
chr4	168294835	170502456	2207622	7	7	20710696	0.379851775498388
chr4	170502457	172702426	2199970	5	7	18505599	0.368211459039603
chr4	172702427	174868641	2166215	8	15	16336735	0.374703096304625
chr4	174868642	177016535	2147894	8	7	14190645	0.361542671005321
chr4	177016536	179179675	2163140	7	5	12034620	0.36748938144476
chr4	179179676	181319090	2139415	0	1	9889598	0.353458628015324
chr4	181319091	183457397	2138307	4	3	7748700	0.380094975478628
chr4	183457398	185677193	2219796	18	21	5534430	0.425702326876321
chr4	185677194	187890380	2213187	21	27	3325053	0.418208283237462
chr4	187890381	190128986	2238606	4	10	1077952	0.394436456691504
chr5	0	2374189	2374190	30	160	2321292	0.517103429856048
chr5	2374190	4469707	2095518	4	16	4416039	0.433968284433153
chr5	4469708	6593933	2124226	7	9	6539812	0.420619356411535
chr5	6593934	8783247	2189314	9	11	8721636	0.405043344635232
chr5	8783248	10949603	2166356	11	9	10895840	0.417824878036369
chr5	10949604	13070899	2121296	2	3	13019114	0.374088226917569
chr5	13070900	15222845	2151946	5	9	15169770	0.406954494153564
chr5	15222846	17455035	2232190	8	14	17401540	0.410905691354151
chr5	17455036	19723543	2268508	1	2	19668950	0.359978051020331
chr5	19723544	22271814	2548271	3	2	22219256	0.353092068237529
chr5	22271815	24421351	2149537	1	0	24361669	0.353765861808491
chr5	24421352	26589702	2168351	1	2	26537136	0.350207627892461
chr5	26589703	28728009	2138307	1	1	28675119	0.344946371913538
chr5	28728010	30911958	2183949	1	2	30859283	0.350853021841957
chr5	30911959	33168085	2256127	12	9	33107768	0.41402656716473
chr5	33168086	35625306	2457221	14	10	35565491	0.399689516402519
chr5	35625307	37885634	2260328	15	11	37834273	0.392906660547265
chr5	37885635	40045566	2159932	8	6	39991465	0.391958937294665
chr5	40045567	42278674	2233108	14	9	42221020	0.3783853906123
chr5	42278675	44591495	2312821	16	23	44532313	0.387629085304753
chr5	44591496	50047811	5456316	4	4	49996432	0.363469202720824
chr5	50047812	52227578	2179767	3	7	52175314	0.358185729780088
chr5	52227579	54463685	2236107	14	8	54410897	0.394917698428701
chr5	54463686	56708120	2244435	18	21	56646576	0.406687894200147
chr5	56708121	58888294	2180174	5	3	58837435	0.381208055894506
chr5	58888295	61091050	2202756	8	8	61039121	0.386111827818779
chr5	61091051	63342556	2251506	5	5	63291014	0.381897767036421
chr5	63342557	65584240	2241684	15	11	65526195	0.377801968350817
chr5	65584241	67768778	2184538	3	5	67717717	0.394403265295925
chr5	67768779	71844453	4075675	33	24	71791859	0.408464691172608
chr5	71844454	73999525	2155072	11	20	73943527	0.408376072565903
chr5	73999526	76309891	2310366	17	19	76251552	0.401536510200706
chr5	76309892	78555327	2245436	16	24	78496223	0.402957391798227
chr5	78555328	80827210	2271883	23	12	80773079	0.402890148747805
chr5	80827211	83035282	2208072	8	7	82980703	0.379155096645834
chr5	83035283	85189860	2154578	1	2	85137456	0.349235667372509
chr5	85189861	87413090	2223230	6	2	87358957	0.359183292944662
chr5	87413091	89588134	2175044	5	13	89533012	0.364901338897817
chr5	89588135	91826748	2238614	7	7	89140229	0.36578416705147
chr5	91826749	94006851	2180103	7	10	86962188	0.366678370694371
chr5	94006852	96166041	2159190	15	11	84802206	0.382901967912457
chr5	96166042	98412740	2246699	8	5	82558555	0.374198058369596
chr5	98412741	100815790	2403050	3	3	80155605	0.354140010320296
chr5	100815791	103003099	2187309	7	7	77963998	0.362693580669215
chr5	103003100	105163897	2160798	1	0	75803092	0.348350476652319
chr5	105163898	107294626	2130729	2	1	73670934	0.361014570123096
chr5	107294627	109481953	2187327	4	6	71490282	0.375444504690415
chr5	109481954	111689980	2208027	10	7	69276988	0.375004536449602
chr5	111689981	113905537	2215557	9	10	67071595	0.393683883464276
chr5	113905538	116111567	2206030	14	16	64857417	0.388829920406912
chr5	116111568	118275175	2163608	1	0	62692614	0.366121768548211
chr5	118275176	120504737	2229562	5	8	60461366	0.368571190948934
chr5	120504738	122717195	2212458	11	13	58253830	0.375747055599639
chr5	122717196	124871790	2154595	2	5	56095955	0.381534840811003
chr5	124871791	127130924	2259134	10	9	53851883	0.389820234775456
chr5	127130925	129321715	2190791	7	7	51647121	0.368864048603785
chr5	129321716	131618280	2296565	10	11	49348607	0.389862060634116
chr5	131618281	133855862	2237582	31	30	47118832	0.452373242500602
chr5	133855863	136021939	2166077	26	32	44945107	0.440605778733282
chr5	136021940	138286611	2264672	25	18	42681616	0.427748494120492
chr5	138286612	140618098	2331487	72	91	40358492	0.443209436098355
chr5	140618099	142805702	2187604	43	63	38161656	0.440675106839671
chr5	142805703	145001736	2196034	3	3	35969425	0.378548917829296
chr5	145001737	147195118	2193382	13	14	33773005	0.397384645550735
chr5	147195119	149378963	2183845	27	11	31591220	0.414417742731738
chr5	149378964	151568891	2189928	32	28	29400822	0.45374280986351
chr5	151568892	153778694	2209803	5	2	27187762	0.398410371730496
chr5	153778695	156026282	2247588	10	15	24944831	0.40672496281651
chr5	156026283	158250294	2224012	18	12	22715295	0.413658361832843
chr5	158250295	160445806	2195512	17	20	20524560	0.41718966680411
chr5	160445807	162636487	2190681	4	1	18338171	0.363293276562001
chr5	162636488	164797391	2160904	4	3	16169549	0.365628568405602
chr5	164797392	166951768	2154377	1	1	14015064	0.373051500827274
chr5	166951769	169101290	2149522	11	9	11871873	0.427566730416333
chr5	169101291	171271506	2170216	13	13	9697158	0.438349331678965
chr5	171271507	173481026	2209520	21	37	7493668	0.45881288066691
chr5	173481027	175932061	2451035	15	23	5042552	0.443722694051272
chr5	175932062	178499248	2567187	51	85	2472991	0.488906279340259
chr6	0	2353650	2353651	9	26	2293011	0.429740554438876
chr6	2353651	4549540	2195890	23	32	4496802	0.441431044085553
chr6	4549541	6741667	2192127	10	16	6689461	0.42499104108639
chr6	6741668	8942320	2200653	16	18	8889729	0.417299026489676
chr6	8942321	11159985	2217665	14	27	11105277	0.396706569616565
chr6	11159986	13310180	2150195	7	4	13257827	0.406941232392833
chr6	13310181	15509556	2199376	9	14	15458192	0.432736132432872
chr6	15509557	17728837	2219281	9	11	17668994	0.417826846804088
chr6	17728838	19961052	2232215	8	10	19906313	0.394255216829228
chr6	19961053	22189827	2228775	6	9	22126900	0.406119911149926
chr6	22189828	24358546	2168719	5	3	24306392	0.375146107779417
chr6	24358547	26554672	2196126	61	48	26498069	0.40978553351337
chr6	26554673	29027346	2472674	58	66	28974081	0.409145316593835
chr6	29027347	31340585	2313239	78	58	31283711	0.441785155778441
chr6	31340586	33713054	2372469	126	82	33660717	0.467602185436676
chr6	33713055	35982185	2269131	34	43	35923003	0.473095497459
chr6	35982186	38192120	2209935	27	32	38138884	0.456195837735035
chr6	38192121	40344407	2152287	10	13	40293782	0.423886287982596
chr6	40344408	42518756	2174349	33	37	42461686	0.466526592921965
chr6	42518757	44768993	2250237	53	58	44701711	0.475506187331963
chr6	44768994	46943076	2174083	14	10	46890888	0.39317617628937
chr6	46943077	49122225	2179149	7	3	49063534	0.37184658453525
chr6	49122226	51302519	2180294	16	9	51249323	0.366677993881223
chr6	51302520	53543704	2241185	23	17	53490270	0.405820730183474
chr6	53543705	55721706	2178002	8	4	55668705	0.362778506207721
chr6	55721707	58277824	2556118	9	11	58058068	0.376795159777454
chr6	58277825	63946256	5668432	2	2	63887816	0.359611990487213
chr6	63946257	66182553	2236297	4	3	66130060	0.358680827999579
chr6	66182554	68361241	2178688	1	2	68307428	0.344256526655914
chr6	68361242	70539054	2177813	2	2	70485685	0.354769952370151
chr6	70539055	72756880	2217826	11	11	72699820	0.375335655931804
chr6	72756881	75058839	2301959	14	17	75000678	0.384149114706539
chr6	75058840	77317765	2258926	7	6	77263875	0.372027466479977
chr6	77317766	79593311	2275546	2	3	79536784	0.365164954141897
chr6	79593312	81831272	2237961	8	8	81774818	0.369245275797534
chr6	81831273	84095505	2264233	8	7	84030231	0.372448019480095
chr6	84095506	86356335	2260830	10	11	84813359	0.383898945424956
chr6	86356336	88722990	2366655	16	10	82445298	0.391613486916623
chr6	88722991	90953417	2230427	16	14	80214096	0.40525222812142
chr6	90953418	93077252	2123835	1	3	78090577	0.369077005555861
chr6	93077253	95211509	2134257	2	1	75955534	0.347680583978781
chr6	95211510	97551824	2340315	8	6	73614834	0.360834162600603
chr6	97551825	99711191	2159367	4	9	71463428	0.367249711384001
chr6	99711192	101922371	2211180	11	31	69244060	0.372944059239113
chr6	101922372	104090156	2167785	0	0	67082335	0.341847355631241
chr6	104090157	106309579	2219423	6	6	64863209	0.380324509296069
chr6	106309580	108548270	2238691	15	28	62621807	0.415966900263782
chr6	108548271	110803044	2254774	20	21	60364984	0.408681478215602
chr6	110803045	113040351	2237307	16	13	58135125	0.402490758683665
chr6	113040352	115209972	2169621	4	4	55958324	0.370864382940322
chr6	115209973	117457753	2247781	18	9	53726588	0.367852680556998
chr6	117457754	119662286	2204533	15	13	51504766	0.387667245366546
chr6	119662287	121884847	2222561	2	2	49284295	0.36069908889454
chr6	121884848	124066473	2181626	7	5	47100333	0.364690679858852
chr6	124066474	126221553	2155080	7	9	44947611	0.374424367335981
chr6	126221554	128406759	2185206	11	11	42758847	0.366070651316419
chr6	128406760	130559647	2152888	5	4	40613703	0.367853479213131
chr6	130559648	132769679	2210032	12	8	38399546	0.384035921619097
chr6	132769680	134956505	2186826	23	15	36214561	0.387706853744287
chr6	134956506	137141138	2184633	11	8	34029248	0.389510220763528
chr6	137141139	139328667	2187529	18	18	31839705	0.404543992926523
chr6	139328668	141511867	2183200	6	5	29660003	0.373395616707045
chr6	141511868	143689113	2177246	6	6	27479821	0.370967665610852
chr6	143689114	145865395	2176282	12	12	25304135	0.389404729015491
chr6	145865396	148019993	2154598	10	12	23147137	0.372595462488461
chr6	148019994	150241574	2221581	14	14	20929604	0.412546254298945
chr6	150241575	152500658	2259084	16	24	18667050	0.425802518878315
chr6	152500659	154679791	2179133	7	6	16491594	0.375590628936054
chr6	154679792	156864776	2184985	6	6	14302442	0.40135191320349
chr6	156864777	159172603	2307827	12	20	12002087	0.437860160814963
chr6	159172604	161448016	2275413	26	24	9720749	0.427755871566306
chr6	161448017	163597991	2149975	4	4	7568068	0.403386717098083
chr6	163597992	165745217	2147226	6	5	5426313	0.400775031989559
chr6	165745218	168061956	2316739	17	32	3204706	0.440602458718857
chr6	168061957	170220401	2158445	16	64	949361	0.454428629929683
chr7	0	2323132	2323133	30	218	2264234	0.556693549231291
chr7	2323133	4553514	2230382	10	36	4492385	0.464147046377605
chr7	4553515	7297124	2743610	40	118	7244347	0.481261638279671
chr7	7297125	9450324	2153200	7	7	9389409	0.371699459643474
chr7	9450325	11644078	2193754	4	4	11589427	0.359924690942434
chr7	11644079	13804082	2160004	4	5	13752464	0.358827382197501
chr7	13804083	15944475	2140393	4	2	15891808	0.355192447107766
chr7	15944476	18115507	2171032	11	10	18061850	0.373589691373383
chr7	18115508	20279740	2164233	7	9	20228322	0.36255098034777
chr7	20279741	22440480	2160740	8	11	22387937	0.389558009882016
chr7	22440481	24729740	2289260	18	22	24673574	0.403204381413388
chr7	24729741	26903506	2173766	14	15	26847350	0.412281745845289
chr7	26903507	29060452	2156946	22	47	29009091	0.412243469837506
chr7	29060453	31279700	2219248	24	20	31227253	0.432860612233049
chr7	31279701	33620855	2341155	16	14	33559165	0.396834445390621
chr7	33620856	35969865	2349010	8	11	35898337	0.400102270011098
chr7	35969866	38171380	2201515	10	9	38117841	0.409723224019155
chr7	38171381	40424932	2253552	13	13	40362763	0.397826931185485
chr7	40424933	42529251	2104319	3	4	42477802	0.39632054978406
chr7	42529252	44802844	2273593	30	34	44741501	0.439016725891583
chr7	44802845	47068137	2265293	17	13	47016513	0.421593690837431
chr7	47068138	49261681	2193544	10	11	49210200	0.415877804882934
chr7	49261682	51455402	2193721	9	12	51391204	0.408149964895558
chr7	51455403	53658650	2203248	1	5	53606935	0.377550698555132
chr7	53658651	55955466	2296816	8	19	55888767	0.400845680012085
chr7	55955467	62709728	6754262	18	39	62630292	0.412126448766012
chr7	62709729	66075211	3365483	29	68	66007033	0.423423437014308
chr7	66075212	68589033	2513822	8	12	68533398	0.439776462099436
chr7	68589034	70784972	2195939	4	6	70730475	0.423815709581253
chr7	70784973	73630106	2845134	38	38	73565977	0.461743654152053
chr7	73630107	77487101	3856995	48	62	77431282	0.45971893097276
chr7	77487102	79645191	2158090	3	6	79547051	0.36564801749268
chr7	79645192	81790563	2145372	6	3	77400285	0.359768382446616
chr7	81790564	83959774	2169211	3	3	75230723	0.351880165563703
chr7	83959775	86112630	2152856	1	2	73080501	0.345819332706608
chr7	86112631	88318940	2206310	14	12	70873548	0.372739067362828
chr7	88318941	90548078	2229138	9	8	68643516	0.363675897096951
chr7	90548079	92804267	2256189	16	11	66391531	0.385654594799197
chr7	92804268	94979226	2174959	15	8	64211563	0.366791120602378
chr7	94979227	97186681	2207455	13	15	62011822	0.38862854561879
chr7	97186682	99626442	2439761	41	45	59575750	0.454284617432102
chr7	99626443	102491081	2864639	79	88	56726481	0.50402759149787
chr7	102491082	104842216	2351135	17	11	54352524	0.391467477660518
chr7	104842217	107100974	2258758	12	15	52092352	0.412427038279171
chr7	107100975	109292882	2191908	15	9	49904654	0.37865928471781
chr7	109292883	111498654	2205772	4	2	47692730	0.365823079692912
chr7	111498655	113710263	2211609	8	5	45485106	0.373911680464334
chr7	113710264	115839498	2129235	4	2	43351608	0.355098892949937
chr7	115839499	118000235	2160737	16	11	41197432	0.382119407192677
chr7	118000236	120142343	2142108	1	2	39047623	0.346814410292151
chr7	120142344	122285937	2143594	10	11	36904556	0.36659566273172
chr7	122285938	124469968	2184031	16	8	34720647	0.368847500698011
chr7	124469969	126652031	2182063	1	1	32540187	0.355503422130422
chr7	126652032	128945308	2293277	34	42	30250285	0.436928143012609
chr7	128945309	131313611	2368303	28	24	27884455	0.425721472015263
chr7	131313612	133447632	2134021	3	3	25742755	0.425424170359151
chr7	133447633	135629455	2181823	19	10	23563558	0.41039705344184
chr7	135629456	137808226	2178771	6	5	21385158	0.381956551950682
chr7	137808227	140134745	2326519	21	20	19068530	0.435434964042469
chr7	140134746	142508684	2373939	30	12	16687337	0.419378792244764
chr7	142508685	145205356	2696672	45	14	13986649	0.39512284930426
chr7	145205357	147382873	2177517	3	1	11807917	0.361096149604081
chr7	147382874	149768172	2385299	22	38	9523559	0.437645368270808
chr7	149768173	152198586	2430414	48	67	7013440	0.464035047868024
chr7	152198587	154781186	2582600	5	15	4408892	0.431344954287245
chr7	154781187	156947500	2166314	14	51	2251899	0.461660999242427
chr7	156947501	159138662	2191162	9	104	76281	0.484486764716096
chr8	0	2479183	2479184	13	112	2427313	0.467121657988063
chr8	2479184	4601583	2122400	1	2	4549873	0.386757927689019
chr8	4601584	6753372	2151789	5	7	6696320	0.397621174897864
chr8	6753373	10032599	3279227	50	30	9980506	0.427200157268043
chr8	10032600	12753014	2720415	36	43	12699113	0.454353834476502
chr8	12753015	14901760	2148746	5	4	14849237	0.367344539923496
chr8	14901761	17057622	2155862	5	5	17005278	0.368285912323651
chr8	17057623	19202693	2145071	13	11	19150037	0.399147179382184
chr8	19202694	21337694	2135001	7	8	21282365	0.427880380476766
chr8	21337695	23568683	2230989	40	49	23516777	0.474640791925166
chr8	23568684	25746128	2177445	11	8	25694376	0.395659547834268
chr8	25746129	27900969	2154841	20	25	27848137	0.432528114941262
chr8	27900970	30102005	2201036	18	18	30044732	0.423619537059381
chr8	30102006	32310986	2208981	9	6	32258857	0.39267744335956
chr8	32310987	34523366	2212380	5	7	34471320	0.39148353112937
chr8	34523367	36697029	2173663	2	2	36643252	0.381374925121131
chr8	36697030	38912513	2215484	25	24	38857446	0.440718466632715
chr8	38912514	41137811	2225298	10	3	41080644	0.393424343364319
chr8	41137812	43464188	2326377	24	37	43412252	0.440026839912632
chr8	43464189	48893341	5429153	6	9	48836317	0.421409515404097
chr8	48893342	51113967	2220626	5	15	51054350	0.395822154106935
chr8	51113968	53302036	2188069	3	2	53249540	0.373562093553809
chr8	53302037	55570006	2267970	11	17	55512654	0.405350304019903
chr8	55570007	57805030	2235024	12	14	57749834	0.398650887737016
chr8	57805031	59979591	2174561	8	12	59928223	0.389899801559218
chr8	59979592	62179692	2200101	4	11	62120881	0.387936640256256
chr8	62179693	64364458	2184766	7	6	64309801	0.381794365935063
chr8	64364459	66553677	2189219	7	10	66492769	0.375682392940198
chr8	66553678	68796894	2243217	22	19	68744450	0.401338193454104
chr8	68796895	71022121	2225227	5	5	70963437	0.385609618642402
chr8	71022122	73239781	2217660	9	10	73177448	0.38349473578321
chr8	73239782	75460582	2220801	13	13	70959708	0.397161064144507
chr8	75460583	77638682	2178100	7	4	68775500	0.356944947404789
chr8	77638683	79787755	2149073	4	4	66630121	0.351241685838408
chr8	79787756	82000639	2212884	7	14	64417247	0.394409630615716
chr8	82000640	84170346	2169707	10	8	62249452	0.360301948819242
chr8	84170347	86392239	2221893	8	7	60023157	0.360022197836278
chr8	86392240	88883789	2491550	11	16	57534372	0.372479617016157
chr8	88883790	91111071	2227282	6	6	55313462	0.362531820709148
chr8	91111072	93312251	2201180	8	6	53104787	0.373780676610435
chr8	93312252	95500698	2188447	11	7	50918688	0.387568219746852
chr8	95500699	97714074	2213376	18	19	48704331	0.408664234772945
chr8	97714075	99979639	2265565	13	15	46436234	0.40911322370626
chr8	99979640	102237452	2257813	15	17	44178903	0.398777217269415
chr8	102237453	104439140	2201688	17	17	41979472	0.418496794748714
chr8	104439141	106609722	2170582	5	7	39806100	0.370479555491721
chr8	106609723	108776544	2166822	3	3	37646637	0.370205363943319
chr8	108776545	110967122	2190578	10	9	35451725	0.371847990731541
chr8	110967123	113103682	2136560	1	2	33316398	0.345741060534969
chr8	113103683	115254854	2151172	2	1	31165134	0.342476013496538
chr8	115254855	117400555	2145701	1	3	29016991	0.358562034727054
chr8	117400556	119548085	2147530	10	6	26871863	0.394518797804107
chr8	119548086	121788967	2240882	12	11	24627278	0.390037400386904
chr8	121788968	123969636	2180669	3	3	22447815	0.39107836078988
chr8	123969637	126170414	2200778	24	18	20246636	0.422959719562397
chr8	126170415	128371694	2201280	2	4	18051158	0.405239361240828
chr8	128371695	130548312	2176618	10	3	15870043	0.406801346156892
chr8	130548313	132722382	2174070	5	6	13692708	0.405817312261971
chr8	132722383	134848219	2125837	13	7	11569892	0.43384087302626
chr8	134848220	136996583	2148364	6	5	9420251	0.41917660724679
chr8	136996584	139158685	2162102	1	0	7262932	0.378944003709924
chr8	139158686	141282011	2123326	3	8	5136368	0.45240370523736
chr8	141282012	143521858	2239847	11	52	2894692	0.509369035741279
chr8	143521859	145990401	2468543	87	194	433252	0.558986721791632
chr9	0	2371862	2371863	12	21	2320216	0.409712310263547
chr9	2371863	4539379	2167517	8	10	4480112	0.390724693595462
chr9	4539380	6869531	2330152	24	23	6812508	0.402362892935864
chr9	6869532	9012107	2142576	2	3	8960101	0.38402758595583
chr9	9012108	11159546	2147439	0	1	11107685	0.351262798227242
chr9	11159547	13312786	2153240	3	3	13256116	0.354321247964784
chr9	13312787	15491570	2178784	9	11	15434753	0.388097029375965
chr9	15491571	17727994	2236424	4	8	17671542	0.392327275780404
chr9	17727995	19958067	2230073	11	12	19902954	0.396977746568781
chr9	19958068	22165401	2207334	29	18	22112650	0.381399378387577
chr9	22165402	24361156	2195755	2	4	24306556	0.367518282326493
chr9	24361157	26544496	2183340	1	1	26491928	0.357406068775508
chr9	26544497	28739447	2194951	11	7	28687608	0.381352420091451
chr9	28739448	30895035	2155588	2	3	30841444	0.349493130208072
chr9	30895036	33150339	2255304	11	13	33096172	0.380562002063326
chr9	33150340	35569225	2418886	49	44	35514032	0.446966502444392
chr9	35569226	37805663	2236438	42	45	37749453	0.444265665225524
chr9	37805664	71333409	33527746	53	115	69931419	0.421704270158992
chr9	71333410	73571610	2238201	13	18	67693796	0.405028169699147
chr9	73571611	75774373	2202763	9	5	65491335	0.387167316196726
chr9	75774374	77935737	2161364	6	7	63334744	0.369191597206873
chr9	77935738	80157432	2221695	10	12	61111362	0.399858966119184
chr9	80157433	82348494	2191062	4	6	58915849	0.394321571554394
chr9	82348495	84591539	2243045	4	1	56709700	0.385286679084727
chr9	84591540	86851781	2260242	11	9	54416145	0.395613688552322
chr9	86851782	89141330	2289549	9	8	52131653	0.407589795144804
chr9	89141331	91421108	2279778	16	16	49844517	0.428270336512381
chr9	91421109	93846064	2424956	14	12	47420706	0.43594985341946
chr9	93846065	96121250	2275186	28	32	45154333	0.445218106164702
chr9	96121251	98446462	2325212	23	31	42819972	0.439672496182983
chr9	98446463	100842975	2396513	34	44	40431923	0.430202264321704
chr9	100842976	103003223	2160248	13	18	38267105	0.429751995621139
chr9	103003224	105229563	2226340	14	13	36036886	0.380513186665924
chr9	105229564	107410842	2181279	9	2	33860477	0.356123271454239
chr9	107410843	109663533	2252691	12	12	31601416	0.396392426732086
chr9	109663534	111836528	2172995	9	8	29431314	0.418255871534501
chr9	111836529	114040596	2204068	12	12	27228292	0.407690535650952
chr9	114040597	116332236	2291640	35	41	24933335	0.420598668737851
chr9	116332237	118467727	2135491	16	15	22797627	0.438757198923056
chr9	118467728	120588553	2120826	7	5	20675225	0.405399464106386
chr9	120588554	122719326	2130773	1	1	18545387	0.385161128396559
chr9	122719327	124910823	2191497	18	25	16355691	0.445379349517769
chr9	124910824	127130703	2219880	36	25	14134654	0.436196037326395
chr9	127130704	129356839	2226136	18	30	11913200	0.444670598119351
chr9	129356840	131664141	2307302	61	76	9615099	0.498789004844148
chr9	131664142	134100988	2436847	33	66	7169223	0.508038167689807
chr9	134100989	136340596	2239608	42	54	4926571	0.489541232746545
chr9	136340597	138582591	2241995	26	64	2686226	0.544926933333946
chr9	138582592	140884554	2301963	90	209	386666	0.566588342776584
chr10	0	2301199	2301200	13	59	2248351	0.449798081502687
chr10	2301200	4416168	2114969	3	17	4365470	0.422253103587799
chr10	4416169	6664852	2248684	26	19	6611935	0.424834382512082
chr10	6664853	8847329	2182477	8	12	8795147	0.416189727247671
chr10	8847330	10992056	2144727	2	1	10938141	0.374337386177469
chr10	10992057	13252019	2259963	14	17	13194893	0.441594516412045
chr10	13252020	15501294	2249275	20	20	15444478	0.43623657827154
chr10	15501295	17712659	2211365	12	10	17653992	0.398851541911623
chr10	17712660	20343269	2630610	10	6	20290217	0.380891556032795
chr10	20343270	22606592	2263323	10	13	22551197	0.394570519348199
chr10	22606593	24818016	2211424	12	16	24765172	0.406547199231059
chr10	24818017	27068173	2250157	13	11	27014094	0.396493247300015
chr10	27068174	29340110	2271937	14	19	29285383	0.402218375347052
chr10	29340111	31603418	2263308	11	8	31545306	0.427396278017492
chr10	31603419	33889291	2285873	9	11	33835919	0.40021060461468
chr10	33889292	36099477	2210186	6	8	36046652	0.417175676378058
chr10	36099478	38494138	2394661	7	8	38430696	0.392890900332344
chr10	38494139	44555335	6061197	20	42	44503194	0.435189010914512
chr10	44555336	48516978	3961643	42	46	48466588	0.431905207567452
chr10	48516979	52093890	3576912	30	34	52041630	0.440028687031539
chr10	52093891	54329690	2235800	6	9	54276530	0.372595058043435
chr10	54329691	56514700	2185010	2	1	56460724	0.357772908893245
chr10	56514701	58684723	2170023	2	3	58632154	0.345829113148703
chr10	58684724	60867696	2182973	7	5	60816799	0.370757107136164
chr10	60867697	63029190	2161494	8	8	62974853	0.384739809737903
chr10	63029191	65200331	2171141	10	9	65145147	0.390306634299103
chr10	65200332	67397070	2196739	3	6	67339237	0.369639686439189
chr10	67397071	69625002	2227932	3	2	65970572	0.363583743539741
chr10	69625003	71904133	2279131	29	26	63684296	0.445452511096932
chr10	71904134	74086938	2182805	23	32	61509552	0.491995432270669
chr10	74086939	76442670	2355732	32	26	59146517	0.409073154256246
chr10	76442671	78638336	2195666	10	10	56962751	0.417870244317086
chr10	78638337	80759730	2121394	5	7	54826037	0.459444080651411
chr10	80759731	83230017	2470287	21	22	52359200	0.437965303942379
chr10	83230018	85382583	2152566	1	2	50202979	0.371922720964768
chr10	85382584	87595792	2213209	8	5	47992538	0.401579846589673
chr10	87595793	90105129	2509337	23	23	45482524	0.427689447419923
chr10	90105130	92287304	2182175	22	10	43300319	0.38141606713297
chr10	92287305	94567538	2280234	16	21	41024316	0.40211163324912
chr10	94567539	96874130	2306592	21	15	38727968	0.40694523844259
chr10	96874131	99096463	2222333	23	22	36502946	0.428901589998096
chr10	99096464	101353718	2257255	27	33	34236581	0.435301316282815
chr10	101353719	103612583	2258865	45	79	31977586	0.456390886043369
chr10	103612584	105903083	2290500	44	48	29684482	0.461287806371735
chr10	105903084	108060385	2157302	6	8	27529376	0.397267366996391
chr10	108060386	110203781	2143396	1	2	25383873	0.379550623049237
chr10	110203782	112432561	2228780	7	13	23154675	0.400354942411598
chr10	112432562	114590503	2157942	13	5	20997839	0.407107412890607
chr10	114590504	116732739	2142236	17	15	18856069	0.429163839224928
chr10	116732740	118916499	2183760	11	15	16674674	0.395207238727741
chr10	118916500	121080796	2164297	19	22	14506920	0.432533313265417
chr10	121080797	123270789	2189993	10	12	12317395	0.431130263729992
chr10	123270790	125452830	2182041	23	22	10133520	0.446021175435135
chr10	125452831	127692633	2239803	21	29	7902088	0.462618649826552
chr10	127692634	129981558	2288925	9	10	5608562	0.437808854808554
chr10	129981559	132071350	2089792	5	23	3514298	0.450810882737581
chr10	132071351	134314866	2243516	10	37	1273265	0.492198798394288
chr11	0	2465381	2465382	88	177	2414196	0.562102162720028
chr11	2465382	5002912	2537531	47	44	4946562	0.45826538057551
chr11	5002913	7234548	2231636	80	20	7177726	0.399209477702732
chr11	7234549	9485779	2251231	35	24	9423225	0.432414841169807
chr11	9485780	11689074	2203295	20	16	11638386	0.425198142598928
chr11	11689075	13866062	2176988	11	9	13802990	0.419152292880754
chr11	13866063	16056014	2189952	10	15	16005052	0.408611742180421
chr11	16056015	18263296	2207282	21	27	18206397	0.418755770969597
chr11	18263297	20482496	2219200	23	22	20430252	0.427837442464222
chr11	20482497	22654481	2171985	5	7	22600151	0.377982912494086
chr11	22654482	24843425	2188944	4	5	24791291	0.35690752810556
chr11	24843426	27053774	2210349	4	1	27000081	0.358795573653584
chr11	27053775	29243594	2189820	9	8	29192250	0.37833566378448
chr11	29243595	31404822	2161228	7	8	31345085	0.374404988807335
chr11	31404823	33639260	2234438	18	25	33586337	0.404935486989796
chr11	33639261	35823062	2183802	17	19	35761062	0.423024688791341
chr11	35823063	37980024	2156962	7	3	37927467	0.389086971375638
chr11	37980025	40202483	2222459	1	0	40148732	0.358914951194398
chr11	40202484	42361032	2158549	0	0	42307968	0.36650834856199
chr11	42361033	44577523	2216491	13	20	44522334	0.412764788348408
chr11	44577524	46754633	2177110	27	37	46695705	0.473977258496978
chr11	46754634	49502328	2747695	34	32	49417993	0.424732322572642
chr11	49502329	55895441	6393113	32	10	55839569	0.370963759774252
chr11	55895442	58154649	2259208	59	20	58099817	0.406752892315853
chr11	58154650	60453491	2298842	44	18	60398577	0.396209284510355
chr11	60453492	62811691	2358200	89	66	62753677	0.495903882266645
chr11	62811692	65175972	2364281	78	95	65116383	0.499498228021483
chr11	65175973	67539282	2363310	96	125	67442829	0.507496681907637
chr11	67539283	70004386	2465104	25	60	65056954	0.500122636559101
chr11	70004387	72406066	2401680	32	34	62652255	0.489077616340872
chr11	72406067	74671663	2265597	27	33	60387832	0.439030267796052
chr11	74671664	76875914	2204251	27	34	58181617	0.461554812192078
chr11	76875915	79114282	2238368	18	21	55942940	0.429169590091623
chr11	79114283	81243484	2129202	0	1	53815977	0.378484788363013
chr11	81243485	83444265	2200781	10	6	51615170	0.379345569466323
chr11	83444266	85628713	2184448	6	5	49431608	0.372332683382297
chr11	85628714	87939717	2311004	9	13	47119035	0.393004388324834
chr11	87939718	90723676	2783959	15	15	44345595	0.360725874566496
chr11	90723677	92889387	2165711	3	5	42178845	0.379539991105231
chr11	92889388	95127610	2238223	33	23	39930622	0.405273007970529
chr11	95127611	97457618	2330008	7	3	37602273	0.375156064709419
chr11	97457619	99630540	2172922	1	1	35428548	0.351376079886629
chr11	99630541	101860835	2230295	7	5	33198860	0.372909695566901
chr11	101860836	104073939	2213104	18	9	30984855	0.382652159324961
chr11	104073940	106200294	2126355	12	3	28858959	0.360476628311362
chr11	106200295	108458816	2258522	15	9	26603213	0.384914915775712
chr11	108458817	110675345	2216529	6	7	24384995	0.38778120683697
chr11	110675346	112834956	2159611	30	17	22224629	0.418468218462495
chr11	112834957	114994675	2159719	19	13	20063252	0.427629954878316
chr11	114994676	117146270	2151595	14	17	17918788	0.438190802162849
chr11	117146271	119379674	2233404	56	45	15681496	0.477599144918295
chr11	119379675	121500894	2121220	11	21	13557356	0.460068688818466
chr11	121500895	123717755	2216861	17	14	11345897	0.419429488312637
chr11	123717756	125912347	2194592	50	26	9147034	0.417370243589607
chr11	125912348	128055013	2142666	10	9	7009598	0.426666913127844
chr11	128055014	130254290	2199277	15	27	4810372	0.423250181273597
chr11	130254291	132381951	2127661	5	8	2682637	0.431900803526848
chr11	132381952	134503223	2121272	13	25	555498	0.442596123749225
chr12	0	2386824	2386825	23	33	2336056	0.441963301314227
chr12	2386825	4565919	2179095	16	23	4512367	0.467819527030802
chr12	4565920	6755658	2189739	31	32	6697409	0.448565648880132
chr12	6755659	9365234	2609576	70	43	9309859	0.435756158854694
chr12	9365235	11817739	2452505	59	14	11759448	0.385587573571761
chr12	11817740	14016934	2199195	23	17	13965617	0.422892759601248
chr12	14016935	16202397	2185463	18	11	16149767	0.385690907316603
chr12	16202398	18391127	2188730	5	0	18332337	0.360268009426488
chr12	18391128	20571820	2180693	6	5	20519834	0.376930413903866
chr12	20571821	22820143	2248323	18	10	22767263	0.368583211644447
chr12	22820144	24949107	2128964	3	1	24897787	0.368003205834835
chr12	24949108	27143649	2194542	15	11	27090084	0.391374714428687
chr12	27143650	29355976	2212327	12	10	29300891	0.38241228967997
chr12	29355977	31680564	2324588	11	14	31626003	0.403038707836676
chr12	31680565	34027345	2346781	10	11	33968725	0.397454197605141
chr12	34027346	39538514	5511169	3	16	39483855	0.39193275054008
chr12	39538515	41736275	2197761	7	5	41685059	0.365339649649627
chr12	41736276	43953284	2217009	6	10	43898271	0.382094576740075
chr12	43953285	46162094	2208810	12	8	46109590	0.37869924151956
chr12	46162095	48398870	2236776	15	18	48347169	0.406662397312814
chr12	48398871	50749695	2350825	66	64	50684289	0.456110178958124
chr12	50749696	53042313	2292618	44	44	52991590	0.456278203582215
chr12	53042314	55350876	2308563	70	79	55288779	0.465804475722862
chr12	55350877	57752345	2401469	83	52	57692120	0.445640923836074
chr12	57752346	60001677	2249332	29	33	59948286	0.402138492367376
chr12	60001678	62203067	2201390	2	0	62149473	0.353786338832281
chr12	62203068	64523901	2320834	9	12	64471293	0.384323740930861
chr12	64523902	66753640	2229739	20	17	66699692	0.400070753350249
chr12	66753641	68925865	2172225	6	4	64980416	0.392172491632527
chr12	68925866	71174808	2248943	21	13	62734283	0.394964505478498
chr12	71174809	73337037	2162229	11	6	60568563	0.371985419084104
chr12	73337038	75537454	2200417	2	2	58365489	0.350353491514477
chr12	75537455	77730308	2192854	12	14	56176368	0.384094267843082
chr12	77730309	79866346	2136038	3	1	54038184	0.356874809277814
chr12	79866347	82071596	2205250	11	6	51837947	0.362368833377443
chr12	82071597	84285732	2214136	3	3	49621273	0.363480258571624
chr12	84285733	86419491	2133759	7	4	47486127	0.346106129311085
chr12	86419492	88639076	2219585	5	2	45269495	0.350625370767595
chr12	88639077	90783613	2144537	7	4	43120403	0.373261236046817
chr12	90783614	92919523	2135910	8	2	40984026	0.366966058337886
chr12	92919524	95145016	2225493	13	12	38760220	0.410916085060237
chr12	95145017	97420533	2275517	19	19	36482505	0.406273812741643
chr12	97420534	99611874	2191341	12	7	34296421	0.395149939086966
chr12	99611875	101847570	2235696	14	10	32069873	0.387575054526715
chr12	101847571	104058765	2211195	16	15	29852076	0.39398770688322
chr12	104058766	106278999	2220234	19	19	27624695	0.420956511376508
chr12	106279000	108457760	2178761	14	21	25445192	0.424562417615077
chr12	108457761	110719146	2261386	31	28	23192450	0.464527111161574
chr12	110719147	113092762	2373616	30	31	20818812	0.455332979564628
chr12	113092763	115257641	2164879	19	41	18654201	0.466933483379979
chr12	115257642	117413984	2156343	8	10	16490833	0.429764284407702
chr12	117413985	119649917	2235933	12	18	14256164	0.443807137960418
chr12	119649918	121983425	2333508	37	49	11927405	0.461005189237255
chr12	121983426	124449245	2465820	49	53	9455110	0.476269420926341
chr12	124449246	126629896	2180651	10	46	7274484	0.473044862611086
chr12	126629897	128781507	2151611	6	8	5122207	0.412741969399369
chr12	128781508	130964512	2183005	8	20	2938973	0.44727162630515
chr12	130964513	133354164	2389652	23	142	556443	0.51786364418348
chr13	0	21759096	21759097	23	46	21698939	0.422439969522818
chr13	21759097	24022224	2263128	6	20	23963423	0.404687344873927
chr13	24022225	26326108	2303884	18	29	26274379	0.421213095693306
chr13	26326109	28497520	2171412	17	18	28443418	0.423301190043184
chr13	28497521	30703019	2205499	13	28	30650254	0.417857036074762
chr13	30703020	32895005	2191986	14	15	32840670	0.413900690047536
chr13	32895006	35045684	2150679	7	7	34994519	0.391822643949514
chr13	35045685	37215627	2169943	9	10	37162537	0.380757898855502
chr13	37215628	39376167	2160540	11	9	39323818	0.370095803782527
chr13	39376168	41587254	2211087	15	11	41534276	0.399494046606973
chr13	41587255	43816544	2229290	15	13	43765083	0.39572528121451
chr13	43816545	46011491	2194947	13	16	45947325	0.408934504271086
chr13	46011492	48217760	2206269	11	7	48162891	0.39594103765877
chr13	48217761	50494532	2276772	20	17	50430004	0.39999449304
chr13	50494533	52702129	2207597	22	14	52643834	0.407685075088211
chr13	52702130	55063065	2360936	14	16	55010504	0.38511990217702
chr13	55063066	57209050	2145985	0	0	57149501	0.345534550897985
chr13	57209051	59380453	2171403	6	12	55842753	0.346133309897261
chr13	59380454	61545629	2165176	2	2	53677098	0.374559176605988
chr13	61545630	63674439	2128810	2	0	51548650	0.345615918800607
chr13	63674440	65875605	2201166	1	2	49346022	0.343503974437225
chr13	65875606	68002665	2127060	1	1	47222651	0.348541671679075
chr13	68002666	70134505	2131840	0	1	45088516	0.341491899523706
chr13	70134506	72247127	2112622	3	1	42974160	0.342783917783099
chr13	72247128	74407662	2160535	6	5	40814781	0.376220268431715
chr13	74407663	76567210	2159548	6	5	38658733	0.378065014721967
chr13	76567211	78735358	2168148	9	8	36488644	0.37551232703301
chr13	78735359	80918840	2183482	5	10	34307919	0.377724943680174
chr13	80918841	83088910	2170070	0	1	32134070	0.351588185245741
chr13	83088911	85205603	2116693	1	1	30016344	0.344772612259101
chr13	85205604	87495297	2289694	1	0	27726635	0.346826190810094
chr13	87495298	89620682	2125385	2	3	25601047	0.343623535337743
chr13	89620683	91749140	2128458	2	1	23473125	0.352326620709732
chr13	91749141	93919087	2169947	9	4	21302114	0.362000379783952
chr13	93919088	96088451	2169364	6	11	19142054	0.390161181679275
chr13	96088452	98256127	2167676	7	9	16970866	0.390607700717195
chr13	98256128	100487949	2231822	16	12	14739500	0.432261960863569
chr13	100487950	102671291	2183342	8	17	12550996	0.398921831965597
chr13	102671292	104786090	2114799	11	6	10438393	0.376025573525708
chr13	104786091	106904369	2118279	1	0	8322955	0.365977361998888
chr13	106904370	109023585	2119216	7	8	6199113	0.384471195866749
chr13	109023586	111166558	2142973	4	14	4057530	0.413115784270253
chr13	111166559	113514303	2347745	13	76	1707525	0.467823820672838
chr14	0	22377076	22377077	68	43	22322108	0.411831960013613
chr14	22377077	24682401	2305325	60	49	24624180	0.441624027193394
chr14	24682402	26891347	2208946	24	19	26840233	0.395474944973172
chr14	26891348	29102207	2210860	2	1	29049668	0.348091556538827
chr14	29102208	31281529	2179322	5	7	31229156	0.367706684849776
chr14	31281530	33539485	2257956	13	9	33487560	0.39128225875385
chr14	33539486	35831821	2292336	12	15	35772276	0.406493046976761
chr14	35831822	38054929	2223108	12	24	38001965	0.386478249139994
chr14	38054930	40329123	2274194	10	15	40274211	0.381473031137001
chr14	40329124	42511853	2182730	1	1	42459293	0.348084789244606
chr14	42511854	44708280	2196427	0	0	44651836	0.346153066522083
chr14	44708281	46987297	2279017	9	7	46927968	0.368196343867596
chr14	46987298	49185285	2197988	3	2	49129974	0.352451278847004
chr14	49185286	51439717	2254432	23	22	51381819	0.399591325667161
chr14	51439718	53670354	2230637	17	14	53611911	0.398691820755149
chr14	53670355	55884389	2214035	16	18	51520261	0.405163981714278
chr14	55884390	58102006	2217617	13	13	49306028	0.399741364421456
chr14	58102007	60319025	2217019	15	16	47082157	0.396052957466604
chr14	60319026	62545668	2226643	15	26	44861423	0.395307002161244
chr14	62545669	64784798	2239130	9	8	42623813	0.392027480988402
chr14	64784799	67016956	2232158	19	19	40389938	0.423922588827101
chr14	67016957	69227759	2210803	14	11	38174513	0.404613585759029
chr14	69227760	71447177	2219418	26	27	35963359	0.438849895268308
chr14	71447178	73671294	2224117	9	7	33739478	0.422709284080946
chr14	73671295	75987879	2316585	41	45	31415670	0.453515629740732
chr14	75987880	78194930	2207051	29	33	29212580	0.453120955118056
chr14	78194931	80332827	2137897	3	6	27068655	0.405481482787553
chr14	80332828	82521565	2188738	7	5	24881011	0.384815059039346
chr14	82521566	84629531	2107966	0	0	22774334	0.355589158516087
chr14	84629532	86778382	2148851	1	3	20624326	0.365694336836993
chr14	86778383	88950034	2171652	5	5	18464210	0.382645057460835
chr14	88950035	91154536	2204502	14	21	16245830	0.430350419805379
chr14	91154537	93409735	2255199	20	25	13993949	0.445719275089341
chr14	93409736	95568389	2158654	31	17	11833123	0.454868004050717
chr14	95568390	97696593	2128204	19	17	9707297	0.44588440259438
chr14	97696594	99784440	2087847	4	6	7619083	0.428240357921397
chr14	99784441	101925182	2140742	108	44	5477639	0.48360733863342
chr14	101925183	104221961	2296779	32	59	3180544	0.483087677042085
chr14	104221962	106623276	2401315	32	121	802433	0.53278480432361
chr15	0	25086125	25086126	31	43	25030779	0.412385036430619
chr15	25086126	27236427	2150302	92	20	27183826	0.419678276040085
chr15	27236428	29966208	2729781	11	30	29909308	0.432787707351383
chr15	29966209	33274406	3308198	20	36	33220694	0.428047291946314
chr15	33274407	35597493	2323087	20	16	35541480	0.406771762643119
chr15	35597494	37752766	2155273	6	10	37686332	0.369605729643556
chr15	37752767	39919818	2167052	8	6	39869050	0.389800902272712
chr15	39919819	42213582	2293764	53	57	42161375	0.459277787560716
chr15	42213583	44649157	2435575	45	30	44589591	0.429922590500932
chr15	44649158	47015786	2366629	24	23	46964738	0.407449593435072
chr15	47015787	49139706	2123920	9	7	49087938	0.38329804728162
chr15	49139707	51416333	2276627	21	14	51167649	0.391554115864387
chr15	51416334	53633746	2217413	17	21	48949575	0.410493018948122
chr15	53633747	55869670	2235924	10	6	46719968	0.379134982420365
chr15	55869671	58077659	2207989	12	14	44504934	0.394028922244543
chr15	58077660	60288314	2210655	16	14	42295519	0.411678412316561
chr15	60288315	62419056	2130742	6	11	40167480	0.404313538809914
chr15	62419057	64613720	2194664	20	21	37978271	0.43211387775696
chr15	64613721	66916887	2303167	41	38	35671556	0.454572124176246
chr15	66916888	69084118	2167231	14	24	33504400	0.444056639670063
chr15	69084119	71229532	2145414	18	15	31354450	0.449824218010227
chr15	71229533	73488930	2259398	19	17	29095146	0.416473833555291
chr15	73488931	75849468	2360538	43	44	26746648	0.481411418270337
chr15	75849469	78113952	2264484	23	29	24468267	0.436577319714899
chr15	78113953	80412625	2298673	31	30	22173611	0.452417032673076
chr15	80412626	83237782	2825157	25	27	19973149	0.428514132188446
chr15	83237783	85853881	2616099	30	32	16817924	0.43071593439658
chr15	85853882	88067650	2213769	4	6	14527917	0.40100020728247
chr15	88067651	90254601	2186951	25	34	12331341	0.452663285039086
chr15	90254602	92511369	2256768	28	37	10072473	0.445406681646112
chr15	92511370	94717743	2206374	9	13	7870704	0.427600529589618
chr15	94717744	96818406	2100663	3	4	5765787	0.385578312490089
chr15	96818407	98962234	2143828	5	18	3621067	0.396951174606558
chr15	98962235	101198729	2236495	14	27	1385689	0.432680143445712
chr16	0	2393202	2393203	124	298	2331772	0.579093146218954
chr16	2393203	4802108	2408906	80	136	4744818	0.507609929035667
chr16	4802109	7033424	2231316	12	17	6978983	0.441545936303637
chr16	7033425	9273310	2239886	8	13	9212775	0.429566391082268
chr16	9273311	11493688	2220378	16	19	11438098	0.451117290242053
chr16	11493689	13759678	2265990	12	14	13705283	0.451790595925954
chr16	13759679	17087569	3327891	31	44	17028737	0.444485544631629
chr16	17087570	19916500	2828931	18	30	19861160	0.441576664358168
chr16	19916501	22804363	2887863	41	28	22750681	0.43521019777255
chr16	22804364	25039574	2235211	20	20	24983089	0.442665477625498
chr16	25039575	27238213	2198639	7	8	27183511	0.426093458424331
chr16	27238214	30422317	3184104	79	85	30363248	0.490342012188472
chr16	30422318	34410498	3988181	59	126	34344606	0.456117995297816
chr16	34410499	47896928	13486430	15	20	42519896	0.405292090515513
chr16	47896929	50074529	2177601	9	21	40336636	0.451430446963347
chr16	50074530	52212145	2137616	9	13	38199262	0.433729123507243
chr16	52212146	54388555	2176410	8	14	36019068	0.406280971065864
chr16	54388556	56546428	2157873	19	18	33863826	0.433815923138697
chr16	56546429	58785215	2238787	57	53	31629432	0.477710982903782
chr16	58785216	61018770	2233555	1	1	29392615	0.373031895688835
chr16	61018771	63142727	2123957	1	1	27263704	0.365329152631061
chr16	63142728	65259605	2116878	1	2	25146847	0.36957906016493
chr16	65259606	67461311	2201706	42	45	22948133	0.45502886750369
chr16	67461312	69822705	2361394	54	57	20592910	0.468157748808678
chr16	69822706	72607829	2785124	45	32	17809467	0.443456772927173
chr16	72607830	74904764	2296935	9	15	15508830	0.426410138708485
chr16	74904765	77134528	2229764	17	20	13273029	0.402566719169082
chr16	77134529	79268815	2134287	7	8	11140363	0.423163140273311
chr16	79268816	81417067	2148252	12	10	8993801	0.42540421346746
chr16	81417068	83545156	2128089	7	8	6863640	0.438061942543454
chr16	83545157	85731118	2185962	24	56	4676711	0.503521242564144
chr16	85731119	87908293	2177175	20	56	2505817	0.498110654927221
chr17	0	2535635	2535636	50	98	2472208	0.503124211788413
chr17	2535636	4986930	2451295	64	64	4921362	0.487175890641583
chr17	4986931	7293930	2307000	59	53	7233011	0.467840746327138
chr17	7293931	9589245	2295315	74	81	9531307	0.476646807138831
chr17	9589246	11804857	2215612	17	9	11742346	0.43776638497552
chr17	11804858	14003910	2199053	10	9	13952054	0.405712111993997
chr17	14003911	16470755	2466845	29	27	16414670	0.423271599200031
chr17	16470756	19433579	2962824	54	76	19369308	0.497092224908286
chr17	19433580	25397061	5963482	23	44	25313613	0.440283351165951
chr17	25397062	27702008	2304947	52	49	27637848	0.465386142957526
chr17	27702009	30161184	2459176	33	34	30096148	0.430029427971513
chr17	30161185	32458591	2297407	18	18	32401303	0.43875678949897
chr17	32458592	35019978	2561387	58	47	34966744	0.448722140541771
chr17	35019979	37494766	2474788	39	55	37431598	0.466928062911244
chr17	37494767	39780842	2286076	92	44	39719888	0.458982905535495
chr17	39780843	42174628	2393786	82	95	39083836	0.489926651442624
chr17	42174629	45027417	2852789	61	76	36222318	0.486212755148954
chr17	45027418	47440380	2412963	56	88	33814860	0.453742944983649
chr17	47440381	49677432	2237052	41	57	31575955	0.476713535699648
chr17	49677433	51806468	2129036	1	1	29441882	0.372033667997929
chr17	51806469	54006437	2199969	8	9	27242361	0.384553845813538
chr17	54006438	56185882	2179445	16	19	25063213	0.441661564615461
chr17	56185883	58652881	2466999	43	39	22602365	0.428598687647127
chr17	58652882	61075124	2422243	16	24	20174232	0.414717240727101
chr17	61075125	63507762	2432638	40	33	17743127	0.441584965737554
chr17	63507763	65749376	2241614	13	13	15504812	0.429997996830286
chr17	65749377	68051236	2301860	18	17	13196378	0.405201678835685
chr17	68051237	70189737	2138501	4	5	11058933	0.382005077464171
chr17	70189738	72379313	2189576	18	21	8870173	0.484900546355104
chr17	72379314	74716464	2337151	83	88	6535426	0.51150506906575
chr17	74716465	76977634	2261170	28	47	4274438	0.503578159104326
chr17	76977635	79304701	2327067	35	115	1945068	0.535594235440287
chr18	0	2310557	2310558	12	14	2256251	0.390264555257077
chr18	2310558	4510610	2200053	14	15	4452819	0.400204614028323
chr18	4510611	6670027	2159417	8	11	6617661	0.393368833610824
chr18	6670028	8859383	2189356	8	13	8806715	0.418420720547566
chr18	8859384	11095797	2236414	11	17	11038096	0.419624853684093
chr18	11095798	13430735	2334938	15	36	13378470	0.432265032821692
chr18	13430736	19565828	6135093	20	29	19508132	0.411617904345182
chr18	19565829	21793220	2227392	13	16	21737898	0.423816019327087
chr18	21793221	23961849	2168629	7	7	23909544	0.397050790087587
chr18	23961850	26121550	2159701	6	5	26067716	0.384409829489727
chr18	26121551	28230687	2109137	1	0	28178776	0.34830724262067
chr18	28230688	30416453	2185766	17	10	30363292	0.385796734866975
chr18	30416454	32564702	2148249	5	6	32512504	0.36206964957013
chr18	32564703	34768084	2203382	16	17	34714649	0.406687846696748
chr18	34768085	36865911	2097827	3	8	36811034	0.404283314321745
chr18	36865912	38973380	2107469	0	1	38922345	0.36187501938341
chr18	38973381	41105558	2132178	4	0	37023859	0.370766078970933
chr18	41105559	43245623	2140065	3	3	34884591	0.390634476818375
chr18	43245624	45448134	2202511	18	27	32680723	0.435496588050609
chr18	45448135	47620241	2172107	16	19	30512106	0.452132369676787
chr18	47620242	49800905	2180664	11	16	28327979	0.411803183835157
chr18	49800906	51959076	2158171	6	4	26180024	0.374193236236171
chr18	51959077	54246554	2287478	4	4	23890141	0.386066282490089
chr18	54246555	56422911	2176357	12	16	21708392	0.417701939124451
chr18	56422912	58624883	2201972	10	13	19506097	0.399298990040019
chr18	58624884	60793531	2168648	8	10	17335890	0.398698703056454
chr18	60793532	62952145	2158614	16	7	15176563	0.378726834097817
chr18	62952146	65051898	2099753	2	1	13077287	0.34542030820905
chr18	65051899	67179727	2127829	5	5	10950100	0.35344542281182
chr18	67179728	69362656	2182929	3	3	8769207	0.373169547161546
chr18	69362657	71484081	2121425	3	2	6644982	0.364080368180284
chr18	71484082	73632846	2148765	12	14	4496821	0.420075507220109
chr18	73632847	75840686	2207840	5	26	2287610	0.427482734661959
chr18	75840687	78077247	2236561	12	132	118203	0.47409843798389
chr19	0	2628420	2628421	98	381	2565898	0.577319885547957
chr19	2628421	5065111	2436691	72	215	5010980	0.545165567207681
chr19	5065112	7587956	2522845	58	124	7529959	0.504812184945772
chr19	7587957	10148917	2560961	70	103	10091516	0.488263301022693
chr19	10148918	12670785	2521868	90	130	12607377	0.493207528036968
chr19	12670786	15126808	2456023	79	127	15069582	0.50201209350103
chr19	15126809	17511952	2385144	61	92	17447612	0.499356899373241
chr19	17511953	19917110	2405158	82	149	19854600	0.530225683002077
chr19	19917111	22600824	2683714	26	21	22517520	0.407680100200889
chr19	22600825	28255522	5654698	10	20	28204190	0.405834907401936
chr19	28255523	30471789	2216267	9	22	28713398	0.448937018536992
chr19	30471790	32566328	2094539	3	10	26614742	0.442873409066478
chr19	32566329	34856005	2289677	24	41	24330589	0.467003437464207
chr19	34856006	37264807	2408802	81	110	21926838	0.479080152618227
chr19	37264808	39722752	2457945	56	98	19466706	0.472105728905166
chr19	39722753	42181620	2458868	77	117	17005746	0.480768977360106
chr19	42181621	44792541	2610921	77	81	14394019	0.469531875460582
chr19	44792542	47197391	2404850	77	121	11991698	0.497637915987883
chr19	47197392	49726439	2529048	111	141	9466914	0.510251821617398
chr19	49726440	52116377	2389938	115	140	7065799	0.509214667140463
chr19	52116378	54620274	2503897	123	84	4573151	0.452051531930638
chr19	54620275	57151240	2530966	97	118	2030122	0.490510099907811
chr20	0	2263829	2263830	38	44	2203528	0.454743389558927
chr20	2263830	4537318	2273489	50	55	4485352	0.456958412767041
chr20	4537319	6774294	2236976	21	19	6722964	0.422452684780516
chr20	6774295	8903923	2129629	3	2	8852496	0.375079545172387
chr20	8903924	11014423	2110500	8	11	10963037	0.397977529606533
chr20	11014424	13162043	2147620	2	2	13109746	0.387032230892188
chr20	13162044	15345093	2183050	8	6	15291596	0.382843170546445
chr20	15345094	17472123	2127030	4	7	17419252	0.401123057076629
chr20	17472124	19675797	2203674	24	17	19622813	0.437474270731717
chr20	19675798	21825597	2149800	11	21	21774217	0.421480754422993
chr20	21825598	24077178	2251581	22	16	24025461	0.429672287419132
chr20	24077179	29983090	5905912	23	22	29927709	0.441854946403469
chr20	29983091	32274227	2291137	50	48	30804622	0.480886501164268
chr20	32274228	34627006	2352779	41	45	28458790	0.455640035415176
chr20	34627007	36932705	2305699	29	35	26147639	0.474810451974535
chr20	36932706	39087201	2154496	18	14	23990803	0.424307965335107
chr20	39087202	41232936	2145735	8	12	21845962	0.432285841112226
chr20	41232937	43446515	2213579	22	21	19630822	0.456280457754971
chr20	43446516	45627713	2181198	59	58	17450604	0.452335795045878
chr20	45627714	47911316	2283603	16	14	15171739	0.467700869683092
chr20	47911317	50143093	2231777	23	28	12935677	0.477252959024881
chr20	50143094	52394425	2251332	5	12	10691585	0.426827001539693
chr20	52394426	54585230	2190805	6	4	8492915	0.391704687069957
chr20	54585231	56744625	2159395	21	26	6332535	0.4709452036606
chr20	56744626	58854083	2109458	24	33	4223051	0.454060319212187
chr20	58854084	60971876	2117793	13	54	2107205	0.487984564097057
chr21	0	16841315	16841316	20	38	16788044	0.382926834249511
chr21	16841316	19076258	2234943	8	4	19016794	0.368823149624667
chr21	19076259	21232750	2156492	4	2	21178427	0.357925235934925
chr21	21232751	23347384	2114634	2	1	23295487	0.349959635002249
chr21	23347385	25481927	2134543	0	0	22699979	0.35088773376203
chr21	25481928	27631462	2149535	9	6	20557572	0.370322634001118
chr21	27631463	29863368	2231906	5	5	18317943	0.369000091412547
chr21	29863369	32014764	2151396	40	8	16169229	0.382096136484184
chr21	32014765	34242924	2228160	25	15	13942324	0.424922011223348
chr21	34242925	36421674	2178750	26	26	11759932	0.437774065109002
chr21	36421675	38642472	2220798	15	23	9542015	0.431877599681123
chr21	38642473	40778045	2135573	15	13	7411085	0.425902086465872
chr21	40778046	42940538	2162493	14	12	5243655	0.428327825115909
chr21	42940539	45256735	2316197	34	68	2929193	0.503807396209195
chr21	45256736	47430138	2173403	46	106	753822	0.520564740695024
chr22	0	19671866	19671867	45	67	19617560	0.466202360782032
chr22	19671867	22842319	3170453	62	96	22783811	0.50226188654331
chr22	22842320	25332507	2490188	53	44	25271471	0.4883561051595
chr22	25332508	27602987	2270480	18	19	23752306	0.457187717623099
chr22	27602988	29912841	2309854	25	25	21451374	0.44899416683848
chr22	29912842	32236216	2323375	46	47	19128084	0.473892262478539
chr22	32236217	34514903	2278687	14	10	16844227	0.444195136386924
chr22	34514904	36755683	2240780	16	10	14603376	0.441618811026946
chr22	36755684	39041920	2286237	53	66	12322454	0.514450621107367
chr22	39041921	41336764	2294844	41	46	10029167	0.475714774632416
chr22	41336765	43733308	2396544	54	69	7622902	0.504139857094891
chr22	43733309	45947648	2214340	23	31	5412050	0.497258593678297
chr22	45947649	48112547	2164899	22	58	3246069	0.500017912047019
chr22	48112548	50231863	2119316	5	46	1127541	0.496957968643735
chrX	0	3069342	3069343	27	89	3009339	0.471592019957645
chrX	3069343	5418093	2348751	3	15	5358280	0.392119641925898
chrX	5418094	7612628	2194535	4	4	7560415	0.39573518732017
chrX	7612629	9879026	2266398	11	9	9825189	0.411730972092163
chrX	9879027	12109140	2230114	8	12	12056465	0.402329842697297
chrX	12109141	14325984	2216844	15	11	14267047	0.402987918151068
chrX	14325985	16550890	2224906	18	8	16491650	0.390291859515026
chrX	16550891	18787155	2236265	14	14	18726211	0.418550600542238
chrX	18787156	21029726	2242571	13	10	20975697	0.414553519637859
chrX	21029727	23225012	2195286	9	6	23170450	0.379837835309218
chrX	23225013	25539002	2313990	16	20	25484630	0.409189877845947
chrX	25539003	27746116	2207114	4	1	27693788	0.363397913005058
chrX	27746117	29919808	2173692	4	1	29868142	0.364459192132031
chrX	29919809	32117836	2198028	10	6	32065242	0.383108254843903
chrX	32117837	34257972	2140136	1	4	34204891	0.357342585494733
chrX	34257973	36442875	2184903	6	4	36386775	0.363509498656383
chrX	36442876	38721149	2278274	13	19	38668296	0.388011959613019
chrX	38721150	40915438	2194289	6	26	40854493	0.450390902880583
chrX	40915439	43186302	2270864	7	8	43124870	0.393920320335741
chrX	43186303	45445906	2259604	8	9	45393097	0.399194167726248
chrX	45445907	47775184	2329278	28	26	47718466	0.420088094054645
chrX	47775185	50497330	2722146	83	65	50441295	0.442465902149813
chrX	50497331	53705196	3207866	38	28	53652337	0.416619357353875
chrX	53705197	56284503	2579307	24	14	56229298	0.40898402555758
chrX	56284504	61995962	5711459	9	6	61939395	0.394103282026391
chrX	61995963	64581000	2585038	8	6	64518951	0.38821364999345
chrX	64581001	66989702	2408702	9	7	66938788	0.391613360629164
chrX	66989703	69289497	2299795	10	18	69236646	0.426905952636169
chrX	69289498	71817577	2528080	42	33	71756443	0.432085234726843
chrX	71817578	74551424	2733847	27	16	74480366	0.395533375570734
chrX	74551425	77198483	2647059	11	8	77139894	0.390253877752958
chrX	77198484	79531084	2332601	11	2	75793794	0.372364323735781
chrX	79531085	81855838	2324754	4	5	73474615	0.364976039562544
chrX	81855839	84113037	2257199	4	4	71221498	0.360806934087733
chrX	84113038	86406816	2293779	7	3	68926949	0.365482137890753
chrX	86406817	88993991	2587175	2	0	66443069	0.358125801594858
chrX	88993992	93120525	4126534	5	4	62201899	0.361046365404049
chrX	93120526	95331060	2210535	0	0	60004780	0.360609259881378
chrX	95331061	97583367	2252307	3	1	57747764	0.372829732378249
chrX	97583368	99817814	2234447	2	4	55517778	0.368590481446219
chrX	99817815	102480519	2662705	42	25	52846661	0.406456769042538
chrX	102480520	104808213	2327694	25	18	50514713	0.394260002706535
chrX	104808214	107067337	2259124	14	12	48257310	0.392611664807162
chrX	107067338	109354741	2287404	13	9	45974174	0.389463472771461
chrX	109354742	111582922	2228181	13	6	43747674	0.392530233349469
chrX	111582923	113900858	2317936	8	5	41422247	0.375253836386793
chrX	113900859	116274350	2373492	11	6	39049361	0.378340893795043
chrX	116274351	118609870	2335520	12	17	36726326	0.399770387546724
chrX	118609871	121117848	2507978	37	37	34205528	0.403522786998085
chrX	121117849	123393832	2275984	4	4	31929974	0.384972231879311
chrX	123393833	125604435	2210603	4	6	29724437	0.366826522844301
chrX	125604436	127838739	2234304	3	2	27490634	0.358636073786873
chrX	127838740	130114964	2276225	16	21	25214383	0.413821672343205
chrX	130114965	132387202	2272238	11	8	22937475	0.396102891998436
chrX	132387203	134716998	2329796	33	26	20605268	0.410681117252212
chrX	134716999	137096681	2379683	22	20	18233905	0.407222202638094
chrX	137096682	139372748	2276067	9	8	15963155	0.386982181520261
chrX	139372749	141905764	2533016	17	6	13423863	0.384678498893607
chrX	141905765	144243667	2337903	5	1	11080438	0.369207771354545
chrX	144243668	146456654	2212987	21	5	8868967	0.375373920538614
chrX	146456655	148709862	2253208	12	8	6666817	0.390839443070808
chrX	148709863	151117943	2408081	18	14	4209518	0.427802293979775
chrX	151117944	153835261	2717318	79	90	1529366	0.481270622793877
chrY	0	7597986	7597987	22	97	7540600	0.389858177861266
chrY	7597987	13845301	6247315	12	37	13693627	0.408427415323895
chrY	13845302	16372722	2527421	8	12	16317451	0.396476502885019
chrY	16372723	18914576	2541854	1	4	18856506	0.384090078211223
chrY	18914577	22889811	3975235	21	13	22831700	0.386307477321689
